fixIdx,time,lat,lng,alt,tickLead,tickRace,zoneIdx,legIdx,togo,area
1,,,,228.0,-3864.840659260942,-3864.840659260942,1,1,203.598,0.0
211,,,,1300.0,-3163.840659260942,-3163.840659260942,211,1,203.583,0.0
212,,,,1305.0,-3161.840659260942,-3161.840659260942,212,1,203.57,0.0
217,,,,1331.0,-3151.840659260942,-3151.840659260942,217,1,203.55,0.0
218,,,,1336.0,-3149.840659260942,-3149.840659260942,218,1,203.513,0.0
219,,,,1341.0,-3147.840659260942,-3147.840659260942,219,1,203.475,0.0
220,,,,1346.0,-3145.840659260942,-3145.840659260942,220,1,203.448,0.0
221,,,,1350.0,-3143.840659260942,-3143.840659260942,221,1,203.437,0.0
226,,,,1369.0,-3132.840659260942,-3132.840659260942,226,1,203.412,0.0
227,,,,1373.0,-3130.840659260942,-3130.840659260942,227,1,203.375,0.0
228,,,,1377.0,-3128.840659260942,-3128.840659260942,228,1,203.334,0.0
229,,,,1381.0,-3126.840659260942,-3126.840659260942,229,1,203.301,0.0
230,,,,1384.0,-3124.840659260942,-3124.840659260942,230,1,203.281,0.0
231,,,,1387.0,-3122.840659260942,-3122.840659260942,231,1,203.276,0.0
237,,,,1406.0,-3110.840659260942,-3110.840659260942,237,1,203.259,0.0
238,,,,1408.0,-3108.840659260942,-3108.840659260942,238,1,203.221,0.0
239,,,,1411.0,-3106.840659260942,-3106.840659260942,239,1,203.182,0.0
240,,,,1414.0,-3104.840659260942,-3104.840659260942,240,1,203.147,0.0
241,,,,1416.0,-3102.840659260942,-3102.840659260942,241,1,203.117,0.0
242,,,,1419.0,-3100.840659260942,-3100.840659260942,242,1,203.102,0.0
243,,,,1421.0,-3098.840659260942,-3098.840659260942,243,1,203.099,0.0
248,,,,1435.0,-3088.840659260942,-3088.840659260942,248,1,203.091,0.0
249,,,,1435.0,-3086.840659260942,-3086.840659260942,249,1,203.052,0.0
250,,,,1436.0,-3084.840659260942,-3084.840659260942,250,1,203.013,0.0
251,,,,1437.0,-3082.840659260942,-3082.840659260942,251,1,202.986,0.0
252,,,,1440.0,-3080.840659260942,-3080.840659260942,252,1,202.97,0.0
253,,,,1441.0,-3078.840659260942,-3078.840659260942,253,1,202.968,0.0
258,,,,1452.0,-3068.840659260942,-3068.840659260942,258,1,202.96,0.0
259,,,,1453.0,-3066.840659260942,-3066.840659260942,259,1,202.925,0.0
260,,,,1453.0,-3064.840659260942,-3064.840659260942,260,1,202.887,0.0
261,,,,1453.0,-3062.840659260942,-3062.840659260942,261,1,202.85,0.0
262,,,,1454.0,-3060.840659260942,-3060.840659260942,262,1,202.822,0.0
263,,,,1453.0,-3058.840659260942,-3058.840659260942,263,1,202.801,0.0
264,,,,1454.0,-3056.840659260942,-3056.840659260942,264,1,202.787,0.0
265,,,,1456.0,-3054.840659260942,-3054.840659260942,265,1,202.778,0.0
286,,,,1504.0,-3012.840659260942,-3012.840659260942,286,1,202.755,0.0
287,,,,1504.0,-3010.840659260942,-3010.840659260942,287,1,202.722,0.0
288,,,,1506.0,-3008.840659260942,-3008.840659260942,288,1,202.69,0.0
289,,,,1509.0,-3006.840659260942,-3006.840659260942,289,1,202.658,0.0
290,,,,1511.0,-3004.840659260942,-3004.840659260942,290,1,202.63,0.0
291,,,,1511.0,-3002.840659260942,-3002.840659260942,291,1,202.601,0.0
292,,,,1512.0,-3000.840659260942,-3000.840659260942,292,1,202.583,0.0
293,,,,1511.0,-2998.840659260942,-2998.840659260942,293,1,202.571,0.0
294,,,,1509.0,-2996.840659260942,-2996.840659260942,294,1,202.569,0.0
331,,,,1346.0,-2922.840659260942,-2922.840659260942,331,1,202.567,0.0
332,,,,1338.0,-2920.840659260942,-2920.840659260942,332,1,202.561,0.0
333,,,,1332.0,-2918.840659260942,-2918.840659260942,333,1,202.547,0.0
334,,,,1327.0,-2916.840659260942,-2916.840659260942,334,1,202.524,0.0
335,,,,1322.0,-2914.840659260942,-2914.840659260942,335,1,202.489,0.0
336,,,,1319.0,-2912.840659260942,-2912.840659260942,336,1,202.453,0.0
337,,,,1319.0,-2910.840659260942,-2910.840659260942,337,1,202.419,0.0
338,,,,1318.0,-2908.840659260942,-2908.840659260942,338,1,202.379,0.0
339,,,,1315.0,-2906.840659260942,-2906.840659260942,339,1,202.338,0.0
340,,,,1314.0,-2904.840659260942,-2904.840659260942,340,1,202.291,0.0
341,,,,1313.0,-2902.840659260942,-2902.840659260942,341,1,202.251,0.0
342,,,,1314.0,-2900.840659260942,-2900.840659260942,342,1,202.219,0.0
343,,,,1315.0,-2898.840659260942,-2898.840659260942,343,1,202.196,0.0
344,,,,1315.0,-2896.840659260942,-2896.840659260942,344,1,202.187,0.0
381,,,,1268.0,-2822.840659260942,-2822.840659260942,381,1,202.18,0.0
382,,,,1264.0,-2820.840659260942,-2820.840659260942,382,1,202.14,0.0
383,,,,1259.0,-2818.840659260942,-2818.840659260942,383,1,202.102,0.0
384,,,,1255.0,-2816.840659260942,-2816.840659260942,384,1,202.07,0.0
385,,,,1251.0,-2814.840659260942,-2814.840659260942,385,1,202.045,0.0
386,,,,1246.0,-2812.840659260942,-2812.840659260942,386,1,202.029,0.0
387,,,,1243.0,-2810.840659260942,-2810.840659260942,387,1,202.018,0.0
388,,,,1241.0,-2808.840659260942,-2808.840659260942,388,1,202.014,0.0
389,,,,1240.0,-2806.840659260942,-2806.840659260942,389,1,202.009,0.0
643,,,,1457.0,-2296.840659260942,-2296.840659260942,643,1,201.967,0.0
644,,,,1457.0,-2294.840659260942,-2294.840659260942,644,1,201.923,0.0
645,,,,1459.0,-2292.840659260942,-2292.840659260942,645,1,201.883,0.0
646,,,,1460.0,-2290.840659260942,-2290.840659260942,646,1,201.856,0.0
647,,,,1460.0,-2288.840659260942,-2288.840659260942,647,1,201.836,0.0
648,,,,1461.0,-2286.840659260942,-2286.840659260942,648,1,201.826,0.0
649,,,,1462.0,-2284.840659260942,-2284.840659260942,649,1,201.825,0.0
752,,,,1495.0,-2078.840659260942,-2078.840659260942,752,1,201.803,0.0
753,,,,1497.0,-2076.840659260942,-2076.840659260942,753,1,201.758,0.0
754,,,,1498.0,-2074.840659260942,-2074.840659260942,754,1,201.718,0.0
755,,,,1502.0,-2072.840659260942,-2072.840659260942,755,1,201.692,0.0
756,,,,1503.0,-2070.840659260942,-2070.840659260942,756,1,201.681,0.0
775,,,,1525.0,-2032.840659260942,-2032.840659260942,775,1,201.675,0.0
776,,,,1529.0,-2030.840659260942,-2030.840659260942,776,1,201.664,0.0
784,,,,1538.0,-2014.840659260942,-2014.840659260942,784,1,201.619,0.0
785,,,,1540.0,-2012.840659260942,-2012.840659260942,785,1,201.573,0.0
786,,,,1541.0,-2010.840659260942,-2010.840659260942,786,1,201.542,0.0
787,,,,1545.0,-2008.840659260942,-2008.840659260942,787,1,201.531,0.0
793,,,,1555.0,-1996.840659260942,-1996.840659260942,793,1,201.525,0.0
794,,,,1557.0,-1994.840659260942,-1994.840659260942,794,1,201.483,0.0
795,,,,1558.0,-1992.840659260942,-1992.840659260942,795,1,201.439,0.0
796,,,,1558.0,-1990.840659260942,-1990.840659260942,796,1,201.406,0.0
797,,,,1559.0,-1988.840659260942,-1988.840659260942,797,1,201.389,0.0
798,,,,1560.0,-1986.840659260942,-1986.840659260942,798,1,201.388,0.0
813,,,,1551.0,-1956.840659260942,-1956.840659260942,813,1,201.356,0.0
814,,,,1544.0,-1954.840659260942,-1954.840659260942,814,1,201.318,0.0
815,,,,1538.0,-1952.840659260942,-1952.840659260942,815,1,201.285,0.0
816,,,,1532.0,-1950.840659260942,-1950.840659260942,816,1,201.259,0.0
817,,,,1530.0,-1948.840659260942,-1948.840659260942,817,1,201.247,0.0
818,,,,1531.0,-1946.840659260942,-1946.840659260942,818,1,201.233,0.0
819,,,,1532.0,-1944.840659260942,-1944.840659260942,819,1,201.221,0.0
820,,,,1532.0,-1942.840659260942,-1942.840659260942,820,1,201.205,0.0
821,,,,1533.0,-1940.840659260942,-1940.840659260942,821,1,201.187,0.0
822,,,,1536.0,-1938.840659260942,-1938.840659260942,822,1,201.172,0.0
823,,,,1539.0,-1936.840659260942,-1936.840659260942,823,1,201.161,0.0
824,,,,1541.0,-1934.840659260942,-1934.840659260942,824,1,201.152,0.0
825,,,,1541.0,-1932.840659260942,-1932.840659260942,825,1,201.147,0.0
834,,,,1525.0,-1914.840659260942,-1914.840659260942,834,1,201.122,0.0
835,,,,1522.0,-1912.840659260942,-1912.840659260942,835,1,201.077,0.0
836,,,,1521.0,-1910.840659260942,-1910.840659260942,836,1,201.043,0.0
837,,,,1521.0,-1908.840659260942,-1908.840659260942,837,1,201.025,0.0
891,,,,1447.0,-1800.840659260942,-1800.840659260942,891,1,200.996,0.0
892,,,,1446.0,-1798.840659260942,-1798.840659260942,892,1,200.958,0.0
893,,,,1444.0,-1796.840659260942,-1796.840659260942,893,1,200.931,0.0
894,,,,1440.0,-1794.840659260942,-1794.840659260942,894,1,200.914,0.0
895,,,,1439.0,-1792.840659260942,-1792.840659260942,895,1,200.908,0.0
896,,,,1439.0,-1790.840659260942,-1790.840659260942,896,1,200.906,0.0
1293,,,,1132.0,-995.840659260942,-995.840659260942,1293,1,200.865,0.0
1294,,,,1138.0,-993.840659260942,-993.840659260942,1294,1,200.829,0.0
1295,,,,1144.0,-991.840659260942,-991.840659260942,1295,1,200.804,0.0
1296,,,,1150.0,-989.840659260942,-989.840659260942,1296,1,200.792,0.0
1301,,,,1179.0,-979.840659260942,-979.840659260942,1301,1,200.786,0.0
1302,,,,1183.0,-977.840659260942,-977.840659260942,1302,1,200.744,0.0
1303,,,,1188.0,-975.840659260942,-975.840659260942,1303,1,200.701,0.0
1304,,,,1193.0,-973.840659260942,-973.840659260942,1304,1,200.66,0.0
1305,,,,1199.0,-971.840659260942,-971.840659260942,1305,1,200.632,0.0
1306,,,,1204.0,-969.840659260942,-969.840659260942,1306,1,200.616,0.0
1307,,,,1210.0,-967.840659260942,-967.840659260942,1307,1,200.615,0.0
1314,,,,1251.0,-953.840659260942,-953.840659260942,1314,1,200.578,0.0
1315,,,,1255.0,-951.840659260942,-951.840659260942,1315,1,200.535,0.0
1316,,,,1260.0,-949.840659260942,-949.840659260942,1316,1,200.493,0.0
1317,,,,1266.0,-947.840659260942,-947.840659260942,1317,1,200.464,0.0
1318,,,,1272.0,-945.840659260942,-945.840659260942,1318,1,200.449,0.0
1319,,,,1279.0,-943.840659260942,-943.840659260942,1319,1,200.448,0.0
1323,,,,1302.0,-935.840659260942,-935.840659260942,1323,1,200.434,0.0
1324,,,,1308.0,-933.840659260942,-933.840659260942,1324,1,200.391,0.0
1325,,,,1315.0,-931.840659260942,-931.840659260942,1325,1,200.347,0.0
1326,,,,1322.0,-929.840659260942,-929.840659260942,1326,1,200.311,0.0
1327,,,,1329.0,-927.840659260942,-927.840659260942,1327,1,200.294,0.0
1334,,,,1372.0,-913.840659260942,-913.840659260942,1334,1,200.262,0.0
1335,,,,1377.0,-911.840659260942,-911.840659260942,1335,1,200.218,0.0
1336,,,,1381.0,-909.840659260942,-909.840659260942,1336,1,200.177,0.0
1337,,,,1385.0,-907.840659260942,-907.840659260942,1337,1,200.147,0.0
1338,,,,1390.0,-905.840659260942,-905.840659260942,1338,1,200.127,0.0
1339,,,,1396.0,-903.840659260942,-903.840659260942,1339,1,200.121,0.0
1345,,,,1421.0,-891.840659260942,-891.840659260942,1345,1,200.098,0.0
1346,,,,1425.0,-889.840659260942,-889.840659260942,1346,1,200.059,0.0
1347,,,,1429.0,-887.840659260942,-887.840659260942,1347,1,200.024,0.0
1348,,,,1433.0,-885.840659260942,-885.840659260942,1348,1,199.997,0.0
1349,,,,1438.0,-883.840659260942,-883.840659260942,1349,1,199.985,0.0
1357,,,,1477.0,-866.840659260942,-866.840659260942,1357,1,199.957,0.0
1358,,,,1482.0,-864.840659260942,-864.840659260942,1358,1,199.926,0.0
1359,,,,1487.0,-862.840659260942,-862.840659260942,1359,1,199.901,0.0
1360,,,,1492.0,-860.840659260942,-860.840659260942,1360,1,199.892,0.0
1368,,,,1525.0,-844.840659260942,-844.840659260942,1368,1,199.879,0.0
1369,,,,1528.0,-842.840659260942,-842.840659260942,1369,1,199.841,0.0
1370,,,,1531.0,-840.840659260942,-840.840659260942,1370,1,199.81,0.0
1371,,,,1535.0,-838.840659260942,-838.840659260942,1371,1,199.786,0.0
1372,,,,1539.0,-836.840659260942,-836.840659260942,1372,1,199.782,0.0
1378,,,,1556.0,-824.840659260942,-824.840659260942,1378,1,199.78,0.0
1379,,,,1558.0,-822.840659260942,-822.840659260942,1379,1,199.748,0.0
1380,,,,1559.0,-820.840659260942,-820.840659260942,1380,1,199.72,0.0
1381,,,,1560.0,-818.840659260942,-818.840659260942,1381,1,199.698,0.0
1382,,,,1562.0,-816.840659260942,-816.840659260942,1382,1,199.684,0.0
1383,,,,1564.0,-814.840659260942,-814.840659260942,1383,1,199.679,0.0
1389,,,,1561.0,-802.840659260942,-802.840659260942,1389,1,199.675,0.0
1390,,,,1559.0,-800.840659260942,-800.840659260942,1390,1,199.644,0.0
1391,,,,1556.0,-798.840659260942,-798.840659260942,1391,1,199.611,0.0
1392,,,,1552.0,-796.840659260942,-796.840659260942,1392,1,199.571,0.0
1393,,,,1550.0,-794.840659260942,-794.840659260942,1393,1,199.537,0.0
1394,,,,1547.0,-792.840659260942,-792.840659260942,1394,1,199.506,0.0
1395,,,,1543.0,-790.840659260942,-790.840659260942,1395,1,199.479,0.0
1396,,,,1539.0,-788.840659260942,-788.840659260942,1396,1,199.459,0.0
1397,,,,1535.0,-786.840659260942,-786.840659260942,1397,1,199.448,0.0
1404,,,,1521.0,-772.840659260942,-772.840659260942,1404,1,199.438,0.0
1405,,,,1519.0,-770.840659260942,-770.840659260942,1405,1,199.427,0.0
1406,,,,1516.0,-768.840659260942,-768.840659260942,1406,1,199.423,0.0
1409,,,,1500.0,-762.840659260942,-762.840659260942,1409,1,199.417,0.0
1410,,,,1493.0,-760.840659260942,-760.840659260942,1410,1,199.411,0.0
1411,,,,1485.0,-758.840659260942,-758.840659260942,1411,1,199.4,0.0
1412,,,,1477.0,-756.840659260942,-756.840659260942,1412,1,199.39,0.0
1413,,,,1471.0,-754.840659260942,-754.840659260942,1413,1,199.385,0.0
1417,,,,1456.0,-746.840659260942,-746.840659260942,1417,1,199.38,0.0
1418,,,,1455.0,-744.840659260942,-744.840659260942,1418,1,199.367,0.0
1419,,,,1454.0,-742.840659260942,-742.840659260942,1419,1,199.352,0.0
1420,,,,1454.0,-740.840659260942,-740.840659260942,1420,1,199.333,0.0
1421,,,,1454.0,-738.840659260942,-738.840659260942,1421,1,199.313,0.0
1422,,,,1455.0,-736.840659260942,-736.840659260942,1422,1,199.298,0.0
1423,,,,1457.0,-734.840659260942,-734.840659260942,1423,1,199.289,0.0
1424,,,,1459.0,-732.840659260942,-732.840659260942,1424,1,199.285,0.0
1444,,,,1411.0,-692.840659260942,-692.840659260942,1444,1,199.274,0.0
1445,,,,1407.0,-690.840659260942,-690.840659260942,1445,1,199.259,0.0
1446,,,,1404.0,-688.840659260942,-688.840659260942,1446,1,199.255,0.0
1456,,,,1379.0,-668.840659260942,-668.840659260942,1456,1,199.25,0.0
1457,,,,1377.0,-666.840659260942,-666.840659260942,1457,1,199.247,0.0
1458,,,,1374.0,-664.840659260942,-664.840659260942,1458,1,199.241,0.0
1459,,,,1373.0,-662.840659260942,-662.840659260942,1459,1,199.235,0.0
1460,,,,1372.0,-660.840659260942,-660.840659260942,1460,1,199.232,0.0
1461,,,,1371.0,-658.840659260942,-658.840659260942,1461,1,199.227,0.0
1464,,,,1365.0,-652.840659260942,-652.840659260942,1464,1,199.224,0.0
1465,,,,1366.0,-650.840659260942,-650.840659260942,1465,1,199.219,0.0
1466,,,,1365.0,-648.840659260942,-648.840659260942,1466,1,199.214,0.0
1467,,,,1364.0,-646.840659260942,-646.840659260942,1467,1,199.207,0.0
1468,,,,1362.0,-644.840659260942,-644.840659260942,1468,1,199.197,0.0
1469,,,,1360.0,-642.840659260942,-642.840659260942,1469,1,199.184,0.0
1470,,,,1358.0,-640.840659260942,-640.840659260942,1470,1,199.168,0.0
1471,,,,1357.0,-638.840659260942,-638.840659260942,1471,1,199.156,0.0
1472,,,,1357.0,-636.840659260942,-636.840659260942,1472,1,199.145,0.0
1473,,,,1356.0,-634.840659260942,-634.840659260942,1473,1,199.14,0.0
1474,,,,1354.0,-632.840659260942,-632.840659260942,1474,1,199.138,0.0
1475,,,,1352.0,-630.840659260942,-630.840659260942,1475,1,199.13,0.0
1476,,,,1351.0,-628.840659260942,-628.840659260942,1476,1,199.119,0.0
1477,,,,1350.0,-626.840659260942,-626.840659260942,1477,1,199.107,0.0
1478,,,,1348.0,-624.840659260942,-624.840659260942,1478,1,199.088,0.0
1479,,,,1344.0,-622.840659260942,-622.840659260942,1479,1,199.062,0.0
1480,,,,1340.0,-620.840659260942,-620.840659260942,1480,1,199.041,0.0
1481,,,,1336.0,-618.840659260942,-618.840659260942,1481,1,199.03,0.0
1492,,,,1304.0,-596.840659260942,-596.840659260942,1492,1,199.029,0.0
1495,,,,1299.0,-590.840659260942,-590.840659260942,1495,1,199.028,0.0
1496,,,,1299.0,-588.840659260942,-588.840659260942,1496,1,199.027,0.0
1497,,,,1299.0,-586.840659260942,-586.840659260942,1497,1,199.026,0.0
1512,,,,1298.0,-556.840659260942,-556.840659260942,1512,1,199.021,0.0
1513,,,,1299.0,-554.840659260942,-554.840659260942,1513,1,199.01,0.0
1514,,,,1300.0,-552.840659260942,-552.840659260942,1514,1,199.006,0.0
1515,,,,1301.0,-550.840659260942,-550.840659260942,1515,1,199.003,0.0
1564,,,,1164.0,-452.840659260942,-452.840659260942,1564,1,198.984,0.0
1565,,,,1159.0,-450.840659260942,-450.840659260942,1565,1,198.94,0.0
1566,,,,1153.0,-448.840659260942,-448.840659260942,1566,1,198.891,0.0
1567,,,,1148.0,-446.840659260942,-446.840659260942,1567,1,198.842,0.0
1568,,,,1144.0,-444.840659260942,-444.840659260942,1568,1,198.798,0.0
1569,,,,1139.0,-442.840659260942,-442.840659260942,1569,1,198.758,0.0
1570,,,,1133.0,-440.840659260942,-440.840659260942,1570,1,198.714,0.0
1571,,,,1127.0,-438.840659260942,-438.840659260942,1571,1,198.666,0.0
1572,,,,1124.0,-436.840659260942,-436.840659260942,1572,1,198.623,0.0
1573,,,,1120.0,-434.840659260942,-434.840659260942,1573,1,198.583,0.0
1574,,,,1116.0,-432.840659260942,-432.840659260942,1574,1,198.543,0.0
1575,,,,1111.0,-430.840659260942,-430.840659260942,1575,1,198.494,0.0
1576,,,,1108.0,-428.840659260942,-428.840659260942,1576,1,198.448,0.0
1577,,,,1107.0,-426.840659260942,-426.840659260942,1577,1,198.404,0.0
1578,,,,1108.0,-424.840659260942,-424.840659260942,1578,1,198.361,0.0
1579,,,,1110.0,-422.840659260942,-422.840659260942,1579,1,198.315,0.0
1580,,,,1113.0,-420.840659260942,-420.840659260942,1580,1,198.27,0.0
1581,,,,1116.0,-418.840659260942,-418.840659260942,1581,1,198.225,0.0
1582,,,,1119.0,-416.840659260942,-416.840659260942,1582,1,198.192,0.0
1583,,,,1122.0,-414.840659260942,-414.840659260942,1583,1,198.167,0.0
1584,,,,1124.0,-412.840659260942,-412.840659260942,1584,1,198.159,0.0
1589,,,,1150.0,-402.840659260942,-402.840659260942,1589,1,198.147,0.0
1590,,,,1155.0,-400.840659260942,-400.840659260942,1590,1,198.107,0.0
1591,,,,1161.0,-398.840659260942,-398.840659260942,1591,1,198.065,0.0
1592,,,,1165.0,-396.840659260942,-396.840659260942,1592,1,198.037,0.0
1593,,,,1169.0,-394.840659260942,-394.840659260942,1593,1,198.029,0.0
1596,,,,1181.0,-388.840659260942,-388.840659260942,1596,1,198.012,0.0
1597,,,,1185.0,-386.840659260942,-386.840659260942,1597,1,197.974,0.0
1598,,,,1188.0,-384.840659260942,-384.840659260942,1598,1,197.93,0.0
1599,,,,1190.0,-382.840659260942,-382.840659260942,1599,1,197.895,0.0
1600,,,,1193.0,-380.840659260942,-380.840659260942,1600,1,197.878,0.0
1601,,,,1197.0,-378.840659260942,-378.840659260942,1601,1,197.876,0.0
1604,,,,1211.0,-372.840659260942,-372.840659260942,1604,1,197.873,0.0
1605,,,,1215.0,-370.840659260942,-370.840659260942,1605,1,197.843,0.0
1606,,,,1219.0,-368.840659260942,-368.840659260942,1606,1,197.802,0.0
1607,,,,1223.0,-366.840659260942,-366.840659260942,1607,1,197.759,0.0
1608,,,,1227.0,-364.840659260942,-364.840659260942,1608,1,197.734,0.0
1609,,,,1231.0,-362.840659260942,-362.840659260942,1609,1,197.729,0.0
1613,,,,1249.0,-354.840659260942,-354.840659260942,1613,1,197.714,0.0
1614,,,,1253.0,-352.840659260942,-352.840659260942,1614,1,197.68,0.0
1615,,,,1256.0,-350.840659260942,-350.840659260942,1615,1,197.637,0.0
1616,,,,1258.0,-348.840659260942,-348.840659260942,1616,1,197.593,0.0
1617,,,,1260.0,-346.840659260942,-346.840659260942,1617,1,197.563,0.0
1618,,,,1262.0,-344.840659260942,-344.840659260942,1618,1,197.552,0.0
1623,,,,1284.0,-334.840659260942,-334.840659260942,1623,1,197.54,0.0
1624,,,,1289.0,-332.840659260942,-332.840659260942,1624,1,197.505,0.0
1625,,,,1292.0,-330.840659260942,-330.840659260942,1625,1,197.459,0.0
1626,,,,1295.0,-328.840659260942,-328.840659260942,1626,1,197.417,0.0
1627,,,,1298.0,-326.840659260942,-326.840659260942,1627,1,197.389,0.0
1628,,,,1301.0,-324.840659260942,-324.840659260942,1628,1,197.383,0.0
1632,,,,1311.0,-316.840659260942,-316.840659260942,1632,1,197.366,0.0
1633,,,,1314.0,-314.840659260942,-314.840659260942,1633,1,197.325,0.0
1634,,,,1317.0,-312.840659260942,-312.840659260942,1634,1,197.278,0.0
1635,,,,1319.0,-310.840659260942,-310.840659260942,1635,1,197.233,0.0
1636,,,,1321.0,-308.840659260942,-308.840659260942,1636,1,197.202,0.0
1637,,,,1323.0,-306.840659260942,-306.840659260942,1637,1,197.188,0.0
1645,,,,1349.0,-289.840659260942,-289.840659260942,1645,1,197.154,0.0
1646,,,,1353.0,-287.840659260942,-287.840659260942,1646,1,197.11,0.0
1647,,,,1355.0,-285.840659260942,-285.840659260942,1647,1,197.074,0.0
1648,,,,1357.0,-283.840659260942,-283.840659260942,1648,1,197.053,0.0
1649,,,,1358.0,-281.840659260942,-281.840659260942,1649,1,197.048,0.0
1656,,,,1381.0,-267.840659260942,-267.840659260942,1656,1,197.032,0.0
1657,,,,1383.0,-265.840659260942,-265.840659260942,1657,1,196.992,0.0
1658,,,,1385.0,-263.840659260942,-263.840659260942,1658,1,196.947,0.0
1659,,,,1386.0,-261.840659260942,-261.840659260942,1659,1,196.912,0.0
1660,,,,1387.0,-259.840659260942,-259.840659260942,1660,1,196.893,0.0
1661,,,,1388.0,-257.840659260942,-257.840659260942,1661,1,196.892,0.0
1665,,,,1393.0,-249.840659260942,-249.840659260942,1665,1,196.879,0.0
1666,,,,1392.0,-247.840659260942,-247.840659260942,1666,1,196.844,0.0
1667,,,,1393.0,-245.840659260942,-245.840659260942,1667,1,196.805,0.0
1668,,,,1393.0,-243.840659260942,-243.840659260942,1668,1,196.762,0.0
1669,,,,1393.0,-241.840659260942,-241.840659260942,1669,1,196.718,0.0
1670,,,,1392.0,-239.840659260942,-239.840659260942,1670,1,196.673,0.0
1671,,,,1390.0,-237.840659260942,-237.840659260942,1671,1,196.636,0.0
1672,,,,1388.0,-235.840659260942,-235.840659260942,1672,1,196.617,0.0
1673,,,,1386.0,-233.840659260942,-233.840659260942,1673,1,196.614,0.0
1682,,,,1398.0,-215.840659260942,-215.840659260942,1682,1,196.591,0.0
1683,,,,1398.0,-213.840659260942,-213.840659260942,1683,1,196.539,0.0
1684,,,,1398.0,-211.840659260942,-211.840659260942,1684,1,196.485,0.0
1685,,,,1399.0,-209.840659260942,-209.840659260942,1685,1,196.441,0.0
1686,,,,1398.0,-207.840659260942,-207.840659260942,1686,1,196.398,0.0
1687,,,,1397.0,-205.840659260942,-205.840659260942,1687,1,196.349,0.0
1688,,,,1397.0,-203.840659260942,-203.840659260942,1688,1,196.302,0.0
1689,,,,1398.0,-201.840659260942,-201.840659260942,1689,1,196.258,0.0
1690,,,,1401.0,-199.840659260942,-199.840659260942,1690,1,196.215,0.0
1691,,,,1405.0,-197.840659260942,-197.840659260942,1691,1,196.172,0.0
1692,,,,1409.0,-195.840659260942,-195.840659260942,1692,1,196.13,0.0
1693,,,,1415.0,-193.840659260942,-193.840659260942,1693,1,196.087,0.0
1694,,,,1421.0,-191.840659260942,-191.840659260942,1694,1,196.041,0.0
1695,,,,1427.0,-189.840659260942,-189.840659260942,1695,1,195.996,0.0
1696,,,,1434.0,-187.840659260942,-187.840659260942,1696,1,195.95,0.0
1697,,,,1442.0,-185.840659260942,-185.840659260942,1697,1,195.91,0.0
1698,,,,1449.0,-183.840659260942,-183.840659260942,1698,1,195.879,0.0
1699,,,,1456.0,-181.840659260942,-181.840659260942,1699,1,195.862,0.0
1700,,,,1463.0,-179.840659260942,-179.840659260942,1700,1,195.857,0.0
1703,,,,1485.0,-173.840659260942,-173.840659260942,1703,1,195.856,0.0
1704,,,,1492.0,-171.840659260942,-171.840659260942,1704,1,195.829,0.0
1705,,,,1499.0,-169.840659260942,-169.840659260942,1705,1,195.789,0.0
1706,,,,1506.0,-167.840659260942,-167.840659260942,1706,1,195.745,0.0
1707,,,,1513.0,-165.840659260942,-165.840659260942,1707,1,195.708,0.0
1708,,,,1521.0,-163.840659260942,-163.840659260942,1708,1,195.685,0.0
1709,,,,1528.0,-161.840659260942,-161.840659260942,1709,1,195.678,0.0
1712,,,,1548.0,-155.840659260942,-155.840659260942,1712,1,195.67,0.0
1713,,,,1554.0,-153.840659260942,-153.840659260942,1713,1,195.641,0.0
1714,,,,1560.0,-151.840659260942,-151.840659260942,1714,1,195.6,0.0
1715,,,,1567.0,-149.840659260942,-149.840659260942,1715,1,195.556,0.0
1716,,,,1574.0,-147.840659260942,-147.840659260942,1716,1,195.517,0.0
1717,,,,1581.0,-145.840659260942,-145.840659260942,1717,1,195.485,0.0
1718,,,,1587.0,-143.840659260942,-143.840659260942,1718,1,195.473,0.0
1719,,,,1594.0,-141.840659260942,-141.840659260942,1719,1,195.472,0.0
1722,,,,1610.0,-135.840659260942,-135.840659260942,1722,1,195.454,0.0
1723,,,,1616.0,-133.840659260942,-133.840659260942,1723,1,195.417,0.0
1724,,,,1623.0,-131.840659260942,-131.840659260942,1724,1,195.376,0.0
1725,,,,1630.0,-129.840659260942,-129.840659260942,1725,1,195.343,0.0
1726,,,,1638.0,-127.840659260942,-127.840659260942,1726,1,195.326,0.0
1730,,,,1665.0,-119.840659260942,-119.840659260942,1730,1,195.306,0.0
1731,,,,1671.0,-117.840659260942,-117.840659260942,1731,1,195.272,0.0
1732,,,,1678.0,-115.840659260942,-115.840659260942,1732,1,195.232,0.0
1733,,,,1685.0,-113.840659260942,-113.840659260942,1733,1,195.19,0.0
1734,,,,1690.0,-111.840659260942,-111.840659260942,1734,1,195.151,0.0
1735,,,,1695.0,-109.840659260942,-109.840659260942,1735,1,195.123,0.0
1736,,,,1700.0,-107.840659260942,-107.840659260942,1736,1,195.109,0.0
1742,,,,1713.0,-95.840659260942,-95.840659260942,1742,1,195.098,0.0
1743,,,,1716.0,-93.840659260942,-93.840659260942,1743,1,195.061,0.0
1744,,,,1720.0,-91.840659260942,-91.840659260942,1744,1,195.018,0.0
1745,,,,1723.0,-89.840659260942,-89.840659260942,1745,1,194.975,0.0
1746,,,,1727.0,-87.840659260942,-87.840659260942,1746,1,194.943,0.0
1747,,,,1730.0,-85.840659260942,-85.840659260942,1747,1,194.928,0.0
1753,,,,1743.0,-73.840659260942,-73.840659260942,1753,1,194.921,0.0
1754,,,,1746.0,-71.840659260942,-71.840659260942,1754,1,194.891,0.0
1755,,,,1748.0,-69.840659260942,-69.840659260942,1755,1,194.85,0.0
1756,,,,1752.0,-67.840659260942,-67.840659260942,1756,1,194.81,0.0
1757,,,,1755.0,-65.840659260942,-65.840659260942,1757,1,194.774,0.0
1758,,,,1758.0,-63.840659260942,-63.840659260942,1758,1,194.752,0.0
1759,,,,1761.0,-61.840659260942,-61.840659260942,1759,1,194.745,0.0
1763,,,,1769.0,-53.840659260942,-53.840659260942,1763,1,194.741,0.0
1764,,,,1770.0,-51.840659260942,-51.840659260942,1764,1,194.713,0.0
1765,,,,1771.0,-49.840659260942,-49.840659260942,1765,1,194.672,0.0
1766,,,,1773.0,-47.840659260942,-47.840659260942,1766,1,194.626,0.0
1767,,,,1776.0,-45.840659260942,-45.840659260942,1767,1,194.586,0.0
1768,,,,1778.0,-43.840659260942,-43.840659260942,1768,1,194.556,0.0
1769,,,,1780.0,-41.840659260942,-41.840659260942,1769,1,194.543,0.0
1773,,,,1787.0,-32.840659260942,-32.840659260942,1773,1,194.539,0.0
1774,,,,1789.0,-30.840659260942,-30.840659260942,1774,1,194.521,0.0
1775,,,,1791.0,-28.840659260942,-28.840659260942,1775,1,194.496,0.0
1776,,,,1792.0,-26.840659260942,-26.840659260942,1776,1,194.456,0.0
1777,,,,1794.0,-24.840659260942,-24.840659260942,1777,1,194.412,0.0
1778,,,,1795.0,-22.840659260942,-22.840659260942,1778,1,194.375,0.0
1779,,,,1797.0,-20.840659260942,-20.840659260942,1779,1,194.355,0.0
1780,,,,1798.0,-18.840659260942,-18.840659260942,1780,1,194.349,0.0
1786,,,,1808.0,-6.840659260942,-6.840659260942,1786,1,194.332,0.0
1788,,,,1808.0,-5.840659260942,-5.840659260942,1787,1,194.32,0.0
1789,,,,1809.0,-3.840659260942,-3.840659260942,1788,1,194.289,0.0
1790,,,,1808.0,-1.840659260942,-1.840659260942,1789,1,194.25,0.0
1791,,,,1808.0,0.159340739058,0.159340739058,1,2,194.202,2.971018980890907
1792,,,,1809.0,2.159340739058,2.159340739058,2,2,194.149,44.44485317375512
1793,,,,1811.0,4.159340739058,4.159340739058,3,2,194.102,75.89880546015559
1794,,,,1812.0,6.159340739058,6.159340739058,4,2,194.067,83.68027973687101
1795,,,,1814.0,8.159340739058,8.159340739058,5,2,194.05,53.835240443543604
1796,,,,1816.0,10.159340739058,10.159340739058,6,2,194.049,3.9428299815064975
1801,,,,1822.0,20.159340739058,20.159340739058,11,2,194.048,7.82377966284355
1802,,,,1822.0,22.159340739058,22.159340739058,12,2,194.024,206.386072302913
1803,,,,1823.0,24.159340739058,24.159340739058,13,2,193.985,365.58762399190573
1804,,,,1824.0,26.159340739058,26.159340739058,14,2,193.937,487.0936213525076
1805,,,,1825.0,28.159340739058,28.159340739058,15,2,193.892,491.44540317713944
1806,,,,1826.0,30.159340739058,30.159340739058,16,2,193.856,420.99206590399336
1807,,,,1828.0,32.159340739058,32.159340739058,17,2,193.834,274.292805844651
1808,,,,1830.0,34.159340739058,34.159340739058,18,2,193.826,105.93768024735527
1809,,,,1831.0,36.159340739058,36.159340739058,19,2,193.822,56.068384475126756
1810,,,,1832.0,38.159340739058,38.159340739058,20,2,193.82,29.584326325681104
1824,,,,1815.0,66.159340739058,66.159340739058,34,2,193.789,794.962633040443
1825,,,,1810.0,68.159340739058,68.159340739058,35,2,193.741,1267.8618871964402
1826,,,,1806.0,70.159340739058,70.159340739058,36,2,193.696,1223.2046024067613
1827,,,,1802.0,72.159340739058,72.159340739058,37,2,193.647,1369.5703604747423
1828,,,,1799.0,74.159340739058,74.159340739058,38,2,193.599,1378.4595870642404
1829,,,,1798.0,76.159340739058,76.159340739058,39,2,193.556,1267.8751912440396
1830,,,,1798.0,78.159340739058,78.159340739058,40,2,193.509,1421.879025489454
1831,,,,1799.0,80.159340739058,80.159340739058,41,2,193.461,1488.924484117252
1832,,,,1800.0,82.159340739058,82.159340739058,42,2,193.41,1621.0383818645785
1833,,,,1802.0,84.159340739058,84.159340739058,43,2,193.366,1432.235779641793
1834,,,,1804.0,86.159340739058,86.159340739058,44,2,193.323,1432.6253803751729
1835,,,,1807.0,88.159340739058,88.159340739058,45,2,193.296,920.2700562447535
1836,,,,1810.0,90.159340739058,90.159340739058,46,2,193.285,383.392769124553
1837,,,,1813.0,92.159340739058,92.159340739058,47,2,193.284,35.62594419032702
1840,,,,1817.0,98.159340739058,98.159340739058,50,2,193.269,569.1568146100586
1841,,,,1819.0,100.159340739058,100.159340739058,51,2,193.226,1664.576629154762
1842,,,,1821.0,102.159340739058,102.159340739058,52,2,193.171,2171.073453095508
1843,,,,1824.0,104.159340739058,104.159340739058,53,2,193.119,2092.257010172415
1844,,,,1827.0,106.159340739058,106.159340739058,54,2,193.07,2008.8809123933977
1845,,,,1828.0,108.159340739058,108.159340739058,55,2,193.021,2046.2080532391735
1846,,,,1828.0,110.159340739058,110.159340739058,56,2,192.972,2083.515986083741
1847,,,,1827.0,112.159340739058,112.159340739058,57,2,192.919,2293.907848328081
1848,,,,1823.0,114.159340739058,114.159340739058,58,2,192.862,2510.3087638910292
1849,,,,1818.0,116.159340739058,116.159340739058,59,2,192.807,2463.948123092352
1850,,,,1813.0,118.159340739058,118.159340739058,60,2,192.75,2596.758173427203
1851,,,,1809.0,120.159340739058,120.159340739058,61,2,192.698,2408.3892335974506
1852,,,,1806.0,122.159340739058,122.159340739058,62,2,192.648,2353.680665822187
1853,,,,1802.0,124.159340739058,124.159340739058,63,2,192.595,2535.070395929726
1854,,,,1797.0,126.159340739058,126.159340739058,64,2,192.543,2526.61532102472
1855,,,,1794.0,128.159340739058,128.159340739058,65,2,192.493,2467.297996040758
1856,,,,1791.0,130.159340739058,130.159340739058,66,2,192.449,2204.5670654812106
1857,,,,1789.0,132.159340739058,132.159340739058,67,2,192.408,2085.360343352561
1858,,,,1786.0,134.159340739058,134.159340739058,68,2,192.365,2219.6983566090125
1859,,,,1783.0,136.159340739058,136.159340739058,69,2,192.321,2304.658054668575
1860,,,,1780.0,138.159340739058,138.159340739058,70,2,192.28,2178.585044910711
1861,,,,1778.0,140.159340739058,140.159340739058,71,2,192.242,2047.9853007478223
1862,,,,1775.0,142.159340739058,142.159340739058,72,2,192.205,2022.1510865558014
1863,,,,1771.0,144.159340739058,144.159340739058,73,2,192.164,2271.825647263169
1864,,,,1767.0,146.159340739058,146.159340739058,74,2,192.122,2359.013513438978
1865,,,,1765.0,148.159340739058,148.159340739058,75,2,192.083,2220.0188208382347
1866,,,,1761.0,150.159340739058,150.159340739058,76,2,192.045,2191.8554750983185
1867,,,,1757.0,152.159340739058,152.159340739058,77,2,192.003,2454.33260067055
1868,,,,1753.0,154.159340739058,154.159340739058,78,2,191.959,2604.418466708385
1869,,,,1750.0,156.159340739058,156.159340739058,79,2,191.911,2877.3545342162142
1870,,,,1745.0,158.159340739058,158.159340739058,80,2,191.863,2913.47725597409
1871,,,,1740.0,160.159340739058,160.159340739058,81,2,191.813,3072.464760870639
1872,,,,1737.0,162.159340739058,162.159340739058,82,2,191.763,3110.021564165185
1873,,,,1734.0,164.159340739058,164.159340739058,83,2,191.713,3147.5583674632658
1874,,,,1730.0,166.159340739058,166.159340739058,84,2,191.665,3057.6881152253272
1875,,,,1726.0,168.159340739058,168.159340739058,85,2,191.613,3351.492341588319
1876,,,,1721.0,170.159340739058,170.159340739058,86,2,191.564,3194.856139612561
1877,,,,1717.0,172.159340739058,172.159340739058,87,2,191.514,3297.5227965807185
1878,,,,1714.0,174.159340739058,174.159340739058,88,2,191.467,3134.886768352306
1879,,,,1711.0,176.159340739058,176.159340739058,89,2,191.42,3170.1087103868354
1880,,,,1708.0,178.159340739058,178.159340739058,90,2,191.37,3409.8807020740373
1881,,,,1705.0,180.159340739058,180.159340739058,91,2,191.32,3447.258905372289
1882,,,,1703.0,182.159340739058,182.159340739058,92,2,191.275,3136.1963836518235
1883,,,,1701.0,184.159340739058,184.159340739058,93,2,191.232,3029.0161887676672
1884,,,,1699.0,186.159340739058,186.159340739058,94,2,191.189,3061.223373525619
1885,,,,1697.0,188.159340739058,188.159340739058,95,2,191.149,2877.6186407790256
1886,,,,1695.0,190.159340739058,190.159340739058,96,2,191.108,2980.2793036282624
1887,,,,1693.0,192.159340739058,192.159340739058,97,2,191.066,3084.4087632796845
1888,,,,1690.0,194.159340739058,194.159340739058,98,2,191.016,3709.239461413881
1889,,,,1687.0,196.159340739058,196.159340739058,99,2,190.966,3746.466864708065
1890,,,,1685.0,198.159340739058,198.159340739058,100,2,190.916,3783.6742680065076
1891,,,,1683.0,200.159340739058,200.159340739058,101,2,190.864,3973.67532158202
1892,,,,1682.0,202.159340739058,202.159340739058,102,2,190.814,3857.988642730986
1893,,,,1681.0,204.159340739058,204.159340739058,103,2,190.765,3817.242936914095
1894,,,,1680.0,206.159340739058,206.159340739058,104,2,190.716,3853.647701757636
1895,,,,1680.0,208.159340739058,208.159340739058,105,2,190.668,3810.6548164045394
1896,,,,1680.0,210.159340739058,210.159340739058,106,2,190.615,4246.899747495325
1897,,,,1680.0,212.159340739058,212.159340739058,107,2,190.563,4205.2646055817895
1898,,,,1681.0,214.159340739058,214.159340739058,108,2,190.512,4162.149309377961
1899,,,,1684.0,216.159340739058,216.159340739058,109,2,190.468,3623.5049679306353
1900,,,,1686.0,218.159340739058,218.159340739058,110,2,190.425,3573.100728199414
1901,,,,1688.0,220.159340739058,220.159340739058,111,2,190.381,3688.871908017954
1902,,,,1687.0,222.159340739058,222.159340739058,112,2,190.333,4059.8002200063806
1903,,,,1686.0,224.159340739058,224.159340739058,113,2,190.281,4436.545532434263
1904,,,,1685.0,226.159340739058,226.159340739058,114,2,190.23,4388.861962103334
1905,,,,1684.0,228.159340739058,228.159340739058,115,2,190.18,4339.704740525773
1906,,,,1682.0,230.159340739058,230.159340739058,116,2,190.132,4201.5532413674855
1907,,,,1680.0,232.159340739058,232.159340739058,117,2,190.083,4325.252723216528
1908,,,,1678.0,234.159340739058,234.159340739058,118,2,190.032,4539.381368055286
1909,,,,1677.0,236.159340739058,236.159340739058,119,2,189.981,4576.924597167303
1910,,,,1677.0,238.159340739058,238.159340739058,120,2,189.934,4252.574379033056
1911,,,,1677.0,240.159340739058,240.159340739058,121,2,189.889,4104.811857487764
1912,,,,1677.0,242.159340739058,242.159340739058,122,2,189.843,4229.959935768005
1913,,,,1676.0,244.159340739058,244.159340739058,123,2,189.796,4356.543174064982
1914,,,,1674.0,246.159340739058,246.159340739058,124,2,189.743,4951.6347113120955
1915,,,,1673.0,248.159340739058,248.159340739058,125,2,189.693,4708.029380631655
1916,,,,1672.0,250.159340739058,250.159340739058,126,2,189.645,4554.957311869266
1917,,,,1671.0,252.159340739058,252.159340739058,127,2,189.599,4398.976182887171
1918,,,,1668.0,254.159340739058,254.159340739058,128,2,189.553,4432.791028554439
1919,,,,1665.0,256.159340739058,256.159340739058,129,2,189.499,5243.276362994555
1920,,,,1662.0,258.159340739058,258.159340739058,130,2,189.447,5087.079375855826
1921,,,,1661.0,260.159340739058,260.159340739058,131,2,189.405,4139.599235422448
1922,,,,1659.0,262.159340739058,262.159340739058,132,2,189.36,4468.355221275077
1923,,,,1658.0,264.159340739058,264.159340739058,133,2,189.315,4501.374225947918
1924,,,,1657.0,266.159340739058,266.159340739058,134,2,189.269,4635.128721299576
1925,,,,1655.0,268.159340739058,268.159340739058,135,2,189.224,4567.339500947288
1926,,,,1652.0,270.159340739058,270.159340739058,136,2,189.177,4804.742540664711
1927,,,,1648.0,272.159340739058,272.159340739058,137,2,189.126,5250.893449058736
1928,,,,1646.0,274.159340739058,274.159340739058,138,2,189.076,5184.380549310839
1929,,,,1644.0,276.159340739058,276.159340739058,139,2,189.029,4907.609693916343
1930,,,,1641.0,278.159340739058,278.159340739058,140,2,188.983,4836.788160726015
1931,,,,1637.0,280.159340739058,280.159340739058,141,2,188.936,4976.244280959598
1932,,,,1635.0,282.159340739058,282.159340739058,142,2,188.89,4903.928213409671
1933,,,,1634.0,284.159340739058,284.159340739058,143,2,188.845,4830.16178583172
1934,,,,1632.0,286.159340739058,286.159340739058,144,2,188.801,4754.944937281864
1935,,,,1628.0,288.159340739058,288.159340739058,145,2,188.756,4895.845929512383
1936,,,,1626.0,290.159340739058,290.159340739058,146,2,188.708,5257.185858851133
1937,,,,1624.0,292.159340739058,292.159340739058,147,2,188.663,4961.360815830379
1938,,,,1624.0,294.159340739058,294.159340739058,148,2,188.62,4772.196697739029
1939,,,,1621.0,296.159340739058,296.159340739058,149,2,188.575,5026.942013854882
1940,,,,1619.0,298.159340739058,298.159340739058,150,2,188.529,5172.10568138197
1941,,,,1619.0,300.159340739058,300.159340739058,151,2,188.482,5318.6785409341965
1942,,,,1621.0,302.159340739058,302.159340739058,152,2,188.44,4783.401127262165
1943,,,,1622.0,304.159340739058,304.159340739058,153,2,188.402,4355.560542747198
1944,,,,1621.0,306.159340739058,306.159340739058,154,2,188.359,4960.00267317355
1945,,,,1623.0,308.159340739058,308.159340739058,155,2,188.311,5571.570186056898
1946,,,,1624.0,310.159340739058,310.159340739058,156,2,188.267,5139.164105541952
1947,,,,1626.0,312.159340739058,312.159340739058,157,2,188.222,5288.605111596355
1948,,,,1626.0,314.159340739058,314.159340739058,158,2,188.18,4966.508575260431
1949,,,,1624.0,316.159340739058,316.159340739058,159,2,188.136,5234.936012661937
1950,,,,1621.0,318.159340739058,318.159340739058,160,2,188.088,5745.5606308903625
1951,,,,1619.0,320.159340739058,320.159340739058,161,2,188.039,5900.608045354617
1952,,,,1616.0,322.159340739058,322.159340739058,162,2,187.991,5814.79569110596
1953,,,,1613.0,324.159340739058,324.159340739058,163,2,187.945,5605.705632326133
1954,,,,1611.0,326.159340739058,326.159340739058,164,2,187.896,6006.618586353515
1955,,,,1610.0,328.159340739058,328.159340739058,165,2,187.848,5918.587359676237
1956,,,,1610.0,330.159340739058,330.159340739058,166,2,187.804,5457.100733362961
1957,,,,1610.0,332.159340739058,332.159340739058,167,2,187.763,5114.671572056781
1958,,,,1610.0,334.159340739058,334.159340739058,168,2,187.724,4893.427046669349
1959,,,,1608.0,336.159340739058,336.159340739058,169,2,187.683,5174.059354781527
1960,,,,1604.0,338.159340739058,338.159340739058,170,2,187.639,5584.420163731855
1961,,,,1601.0,340.159340739058,340.159340739058,171,2,187.591,6126.623492425036
1962,,,,1600.0,342.159340739058,342.159340739058,172,2,187.543,6161.068902182911
1963,,,,1599.0,344.159340739058,344.159340739058,173,2,187.499,5679.265128657581
1964,,,,1599.0,346.159340739058,346.159340739058,174,2,187.458,5321.589584944881
1965,,,,1596.0,348.159340739058,348.159340739058,175,2,187.415,5612.168071258365
1966,,,,1592.0,350.159340739058,350.159340739058,176,2,187.369,6036.769444538152
1967,,,,1591.0,352.159340739058,352.159340739058,177,2,187.322,6201.693970419954
1968,,,,1588.0,354.159340739058,354.159340739058,178,2,187.277,5970.048069670079
1969,,,,1584.0,356.159340739058,356.159340739058,179,2,187.231,6135.688029548112
1970,,,,1580.0,358.159340739058,358.159340739058,180,2,187.182,6570.876148963397
1971,,,,1577.0,360.159340739058,360.159340739058,181,2,187.135,6336.246905528434
1972,,,,1572.0,362.159340739058,362.159340739058,182,2,187.089,6234.320987920682
1973,,,,1567.0,364.159340739058,364.159340739058,183,2,187.042,6403.435020571689
1974,,,,1561.0,366.159340739058,366.159340739058,184,2,186.994,6573.925208288615
1975,,,,1557.0,368.159340739058,368.159340739058,185,2,186.948,6332.8310489525975
1976,,,,1552.0,370.159340739058,370.159340739058,186,2,186.901,6504.0338706695275
1977,,,,1549.0,372.159340739058,372.159340739058,187,2,186.855,6398.452181637176
1978,,,,1545.0,374.159340739058,374.159340739058,188,2,186.812,6011.872930162404
1979,,,,1540.0,376.159340739058,376.159340739058,189,2,186.763,6885.662560114013
1980,,,,1536.0,378.159340739058,378.159340739058,190,2,186.715,6779.241324506268
1981,,,,1531.0,380.159340739058,380.159340739058,191,2,186.667,6813.343438264144
1982,,,,1526.0,382.159340739058,382.159340739058,192,2,186.619,6847.42712002202
1983,,,,1520.0,384.159340739058,384.159340739058,193,2,186.571,6881.492369779895
1984,,,,1515.0,386.159340739058,386.159340739058,194,2,186.52,7347.7013043777015
1985,,,,1510.0,388.159340739058,388.159340739058,195,2,186.473,6804.693698072895
1986,,,,1506.0,390.159340739058,390.159340739058,196,2,186.427,6692.559235436368
1987,,,,1502.0,392.159340739058,392.159340739058,197,2,186.383,6432.840648118315
1988,,,,1498.0,394.159340739058,394.159340739058,198,2,186.341,6170.331136940469
1989,,,,1493.0,396.159340739058,396.159340739058,199,2,186.306,5166.965644693068
1990,,,,1487.0,398.159340739058,398.159340739058,200,2,186.27,5340.406123267232
1991,,,,1479.0,400.159340739058,400.159340739058,201,2,186.236,5068.0996829686965
1992,,,,1472.0,402.159340739058,402.159340739058,202,2,186.201,5242.265643538628
1993,,,,1468.0,404.159340739058,404.159340739058,203,2,186.163,5718.786772685792
1994,,,,1461.0,406.159340739058,406.159340739058,204,2,186.125,5745.913448514022
1995,,,,1455.0,408.159340739058,408.159340739058,205,2,186.087,5773.028572337976
1996,,,,1450.0,410.159340739058,410.159340739058,206,2,186.045,6410.603463092342
1997,,,,1446.0,412.159340739058,412.159340739058,207,2,186.005,6133.75530887744
1998,,,,1441.0,414.159340739058,414.159340739058,208,2,185.962,6624.305122358443
1999,,,,1436.0,416.159340739058,416.159340739058,209,2,185.915,7273.724096332419
2000,,,,1430.0,418.159340739058,418.159340739058,210,2,185.869,7151.3878075159755
2001,,,,1426.0,420.159340739058,420.159340739058,211,2,185.82,7652.2616547990565
2002,,,,1421.0,422.159340739058,422.159340739058,212,2,185.777,6745.545215247303
2003,,,,1414.0,424.159340739058,424.159340739058,213,2,185.731,7248.615064525936
2004,,,,1410.0,426.159340739058,426.159340739058,214,2,185.68,8072.293612063005
2005,,,,1407.0,428.159340739058,428.159340739058,215,2,185.635,7154.18935229608
2006,,,,1405.0,430.159340739058,430.159340739058,216,2,185.592,6866.530748131624
2007,,,,1403.0,432.159340739058,432.159340739058,217,2,185.547,7217.603350317449
2008,,,,1401.0,434.159340739058,434.159340739058,218,2,185.503,7088.172228775803
2009,,,,1397.0,436.159340739058,436.159340739058,219,2,185.458,7280.9147339935525
2010,,,,1393.0,438.159340739058,438.159340739058,220,2,185.41,7799.965362298518
2011,,,,1390.0,440.159340739058,440.159340739058,221,2,185.363,7670.362364460127
2012,,,,1389.0,442.159340739058,442.159340739058,222,2,185.314,8031.016599410539
2013,,,,1389.0,444.159340739058,444.159340739058,223,2,185.265,8065.210092256314
2014,,,,1392.0,446.159340739058,446.159340739058,224,2,185.217,7934.112234028612
2015,,,,1396.0,448.159340739058,448.159340739058,225,2,185.171,7635.670727295713
2016,,,,1398.0,450.159340739058,450.159340739058,226,2,185.127,7334.496556504754
2017,,,,1399.0,452.159340739058,452.159340739058,227,2,185.084,7197.957552858004
2018,,,,1398.0,454.159340739058,454.159340739058,228,2,185.04,7396.19196059681
2019,,,,1395.0,456.159340739058,456.159340739058,229,2,184.995,7595.771474264869
2020,,,,1391.0,458.159340739058,458.159340739058,230,2,184.95,7627.219078939684
2021,,,,1386.0,460.159340739058,460.159340739058,231,2,184.904,7828.821549245047
2022,,,,1379.0,462.159340739058,462.159340739058,232,2,184.855,8373.49120794546
2023,,,,1374.0,464.159340739058,464.159340739058,233,2,184.807,8235.939370381831
2024,,,,1368.0,466.159340739058,466.159340739058,234,2,184.76,8097.024126708328
2025,,,,1360.0,468.159340739058,468.159340739058,235,2,184.712,8302.644861194294
2026,,,,1349.0,470.159340739058,470.159340739058,236,2,184.655,9898.696677011434
2027,,,,1341.0,472.159340739058,472.159340739058,237,2,184.598,9937.736423615304
2028,,,,1334.0,474.159340739058,474.159340739058,238,2,184.547,8926.711041695924
2029,,,,1325.0,476.159340739058,476.159340739058,239,2,184.501,8083.380009527764
2030,,,,1315.0,478.159340739058,478.159340739058,240,2,184.452,8644.497838942349
2031,,,,1306.0,480.159340739058,480.159340739058,241,2,184.398,9563.765732906846
2032,,,,1299.0,482.159340739058,482.159340739058,242,2,184.344,9600.789579631657
2033,,,,1294.0,484.159340739058,484.159340739058,243,2,184.296,8567.063969762548
2034,,,,1291.0,486.159340739058,486.159340739058,244,2,184.252,7883.614319267631
2035,,,,1285.0,488.159340739058,488.159340739058,245,2,184.21,7554.463014310868
2036,,,,1280.0,490.159340739058,490.159340739058,246,2,184.162,8666.926880003286
2037,,,,1275.0,492.159340739058,492.159340739058,247,2,184.112,9062.474452568853
2038,,,,1273.0,494.159340739058,494.159340739058,248,2,184.061,9278.742474851748
2039,,,,1273.0,496.159340739058,496.159340739058,249,2,184.023,6939.875961512619
2040,,,,1274.0,498.159340739058,498.159340739058,250,2,183.991,5866.547571924547
2041,,,,1273.0,500.159340739058,500.159340739058,251,2,183.962,5337.01876719036
2042,,,,1275.0,502.159340739058,502.159340739058,252,2,183.928,6281.139595391217
2043,,,,1278.0,504.159340739058,504.159340739058,253,2,183.895,6119.56623922346
2044,,,,1284.0,506.159340739058,506.159340739058,254,2,183.858,6887.239793289143
2045,,,,1290.0,508.159340739058,508.159340739058,255,2,183.822,6726.240950505981
2046,,,,1296.0,510.159340739058,510.159340739058,256,2,183.794,5251.1966137420495
2047,,,,1304.0,512.159340739058,512.159340739058,257,2,183.774,3765.067691137408
2048,,,,1313.0,514.159340739058,514.159340739058,258,2,183.769,944.8783328654188
2052,,,,1340.0,522.159340739058,522.159340739058,262,2,183.752,3262.3768921511237
2053,,,,1344.0,524.159340739058,524.159340739058,263,2,183.709,8282.148966815772
2054,,,,1350.0,526.159340739058,526.159340739058,264,2,183.665,8505.079512367665
2055,,,,1357.0,528.159340739058,528.159340739058,265,2,183.633,6207.739825109345
2056,,,,1364.0,530.159340739058,530.159340739058,266,2,183.617,3115.216286186512
2057,,,,1370.0,532.159340739058,532.159340739058,267,2,183.613,781.6994987965953
2062,,,,1401.0,542.159340739058,542.159340739058,272,2,183.588,4977.036301969203
2063,,,,1406.0,544.159340739058,544.159340739058,273,2,183.568,3995.827338164158
2064,,,,1412.0,546.159340739058,546.159340739058,274,2,183.562,1203.068872593228
2070,,,,1441.0,558.159340739058,558.159340739058,280,2,183.557,1024.5544950688034
2071,,,,1446.0,560.159340739058,560.159340739058,281,2,183.525,6579.98115574595
2072,,,,1451.0,562.159340739058,562.159340739058,282,2,183.49,7221.231865446385
2073,,,,1457.0,564.159340739058,564.159340739058,283,2,183.466,4968.519720965992
2074,,,,1463.0,566.159340739058,566.159340739058,284,2,183.458,1661.8995995327361
2079,,,,1491.0,576.159340739058,576.159340739058,289,2,183.448,2113.963190730126
2080,,,,1497.0,578.159340739058,578.159340739058,290,2,183.41,8059.8904181465905
2081,,,,1502.0,580.159340739058,580.159340739058,291,2,183.378,6809.455496674198
2082,,,,1507.0,582.159340739058,582.159340739058,292,2,183.353,5337.396929709533
2083,,,,1510.0,584.159340739058,584.159340739058,293,2,183.346,1499.4745226287746
2089,,,,1528.0,596.159340739058,596.159340739058,299,2,183.324,4809.062400311501
2090,,,,1532.0,598.159340739058,598.159340739058,300,2,183.287,8113.796380505759
2091,,,,1536.0,600.159340739058,600.159340739058,301,2,183.259,6159.608159899487
2092,,,,1540.0,602.159340739058,602.159340739058,302,2,183.245,3089.7132982511234
2098,,,,1560.0,614.159340739058,614.159340739058,308,2,183.223,4951.5343962012
2099,,,,1562.0,616.159340739058,616.159340739058,309,2,183.208,3386.6982507986436
2105,,,,1573.0,628.159340739058,628.159340739058,315,2,183.172,8285.220693359453
2106,,,,1575.0,630.159340739058,630.159340739058,316,2,183.138,7848.3447156063385
2107,,,,1577.0,632.159340739058,632.159340739058,317,2,183.115,5325.195865544257
2108,,,,1580.0,634.159340739058,634.159340739058,318,2,183.105,2322.4183376590668
2114,,,,1593.0,646.159340739058,646.159340739058,324,2,183.099,1419.7568112960898
2115,,,,1593.0,648.159340739058,648.159340739058,325,2,183.064,8306.61890390544
2116,,,,1594.0,650.159340739058,650.159340739058,326,2,183.025,9282.63113277799
2117,,,,1594.0,652.159340739058,652.159340739058,327,2,182.999,6206.355233903994
2118,,,,1595.0,654.159340739058,654.159340739058,328,2,182.987,2872.9579257568075
2125,,,,1601.0,668.159340739058,668.159340739058,335,2,182.98,1711.669886166979
2126,,,,1601.0,670.159340739058,670.159340739058,336,2,182.941,9563.789668777375
2127,,,,1601.0,672.159340739058,672.159340739058,337,2,182.907,8360.877116681886
2128,,,,1602.0,674.159340739058,674.159340739058,338,2,182.877,7397.901008787149
2129,,,,1605.0,676.159340739058,676.159340739058,339,2,182.846,7665.897699767888
2130,,,,1609.0,678.159340739058,678.159340739058,340,2,182.82,6447.475150760492
2131,,,,1611.0,680.159340739058,680.159340739058,341,2,182.794,6465.570207324752
2132,,,,1613.0,682.159340739058,682.159340739058,342,2,182.769,6234.305376966225
2133,,,,1614.0,684.159340739058,684.159340739058,343,2,182.746,5751.62153289448
2134,,,,1614.0,686.159340739058,686.159340739058,344,2,182.722,6018.462766589558
2135,,,,1614.0,688.159340739058,688.159340739058,345,2,182.69,8046.773792583189
2136,,,,1615.0,690.159340739058,690.159340739058,346,2,182.653,9329.360708875845
2137,,,,1616.0,692.159340739058,692.159340739058,347,2,182.615,9607.299006772395
2138,,,,1616.0,694.159340739058,694.159340739058,348,2,182.575,10140.001985785051
2139,,,,1615.0,696.159340739058,696.159340739058,349,2,182.532,10929.42388202065
2140,,,,1613.0,698.159340739058,698.159340739058,350,2,182.494,9684.159837482168
2141,,,,1610.0,700.159340739058,700.159340739058,351,2,182.457,9454.382507797787
2142,,,,1606.0,702.159340739058,702.159340739058,352,2,182.416,10504.15839047196
2143,,,,1594.0,704.159340739058,704.159340739058,353,2,182.372,11302.23061393442
2144,,,,1589.0,706.159340739058,706.159340739058,354,2,182.328,11331.597708974386
2145,,,,1585.0,708.159340739058,708.159340739058,355,2,182.284,11360.949316007052
2146,,,,1580.0,710.159340739058,710.159340739058,356,2,182.241,11131.445848359212
2147,,,,1574.0,712.159340739058,712.159340739058,357,2,182.196,11679.174614745536
2148,,,,1569.0,714.159340739058,714.159340739058,358,2,182.149,12229.41809507312
2149,,,,1564.0,716.159340739058,716.159340739058,359,2,182.101,12521.329913482166
2150,,,,1561.0,718.159340739058,718.159340739058,360,2,182.049,13598.921644364693
2151,,,,1557.0,720.159340739058,720.159340739058,361,2,182.001,12584.352383811074
2152,,,,1552.0,722.159340739058,722.159340739058,362,2,181.952,12878.77086846185
2153,,,,1549.0,724.159340739058,724.159340739058,363,2,181.904,12647.506612030113
2154,,,,1545.0,726.159340739058,726.159340739058,364,2,181.856,12679.090645787988
2155,,,,1540.0,728.159340739058,728.159340739058,365,2,181.81,12181.112561221626
2156,,,,1535.0,730.159340739058,730.159340739058,366,2,181.761,13007.773321921914
2157,,,,1531.0,732.159340739058,732.159340739058,367,2,181.711,13305.970994850808
2158,,,,1529.0,734.159340739058,734.159340739058,368,2,181.668,11471.45774437368
2159,,,,1529.0,736.159340739058,736.159340739058,369,2,181.624,11767.39516549703
2160,,,,1529.0,738.159340739058,738.159340739058,370,2,181.582,11260.36386352418
2161,,,,1530.0,740.159340739058,740.159340739058,371,2,181.541,11019.524091773892
2162,,,,1532.0,742.159340739058,742.159340739058,372,2,181.499,11316.20813660055
2163,,,,1532.0,744.159340739058,744.159340739058,373,2,181.456,11614.143201273346
2164,,,,1532.0,746.159340739058,746.159340739058,374,2,181.413,11642.598034023602
2165,,,,1532.0,748.159340739058,748.159340739058,375,2,181.366,12756.575381276012
2166,,,,1534.0,750.159340739058,750.159340739058,376,2,181.321,12243.286836662535
2167,,,,1534.0,752.159340739058,752.159340739058,377,2,181.276,12272.8824213248
2168,,,,1533.0,754.159340739058,754.159340739058,378,2,181.231,12302.46180600257
2169,,,,1531.0,756.159340739058,756.159340739058,379,2,181.193,10413.911130499673
2170,,,,1529.0,758.159340739058,758.159340739058,380,2,181.158,9615.192834671716
2171,,,,1524.0,760.159340739058,760.159340739058,381,2,181.12,10464.782214477229
2172,,,,1519.0,762.159340739058,762.159340739058,382,2,181.077,11870.228549721336
2173,,,,1513.0,764.159340739058,764.159340739058,383,2,181.03,13005.249980658093
2174,,,,1508.0,766.159340739058,766.159340739058,384,2,180.99,11094.600181371945
2175,,,,1500.0,768.159340739058,768.159340739058,385,2,180.949,11399.099768737027
2176,,,,1493.0,770.159340739058,770.159340739058,386,2,180.903,12819.45009720081
2177,,,,1488.0,772.159340739058,772.159340739058,387,2,180.856,13128.772774480956
2178,,,,1485.0,774.159340739058,774.159340739058,388,2,180.814,11759.588768134441
2179,,,,1482.0,776.159340739058,776.159340739058,389,2,180.774,11225.996147963948
2180,,,,1479.0,778.159340739058,778.159340739058,390,2,180.733,11533.712000493846
2181,,,,1477.0,780.159340739058,780.159340739058,391,2,180.69,12124.603764542897
2182,,,,1475.0,782.159340739058,782.159340739058,392,2,180.645,12717.969542364106
2183,,,,1472.0,784.159340739058,784.159340739058,393,2,180.596,13880.254715989853
2184,,,,1469.0,786.159340739058,786.159340739058,394,2,180.547,13911.88119683563
2185,,,,1468.0,788.159340739058,788.159340739058,395,2,180.498,13943.488469681404
2186,,,,1469.0,790.159340739058,790.159340739058,396,2,180.456,11978.869336439744
2187,,,,1471.0,792.159340739058,792.159340739058,397,2,180.417,11148.887793046877
2188,,,,1473.0,794.159340739058,794.159340739058,398,2,180.38,10601.621383445066
2189,,,,1475.0,796.159340739058,796.159340739058,399,2,180.338,12061.938213054342
2190,,,,1478.0,798.159340739058,798.159340739058,400,2,180.297,11801.611947743722
2191,,,,1481.0,800.159340739058,800.159340739058,401,2,180.253,12693.88781335578
2192,,,,1484.0,802.159340739058,802.159340739058,402,2,180.211,12144.281713199123
2193,,,,1487.0,804.159340739058,804.159340739058,403,2,180.168,12461.491979418488
2194,,,,1491.0,806.159340739058,806.159340739058,404,2,180.127,11908.662366533812
2195,,,,1495.0,808.159340739058,808.159340739058,405,2,180.089,11062.253153182277
2196,,,,1499.0,810.159340739058,810.159340739058,406,2,180.057,9336.820669756999
2197,,,,1505.0,812.159340739058,812.159340739058,407,2,180.042,4386.866496607921
2198,,,,1507.0,814.159340739058,814.159340739058,408,2,180.035,2052.120370548551
2204,,,,1507.0,826.159340739058,826.159340739058,414,2,180.028,2082.2858749331804
2205,,,,1510.0,828.159340739058,828.159340739058,415,2,180.008,5963.343528041127
2206,,,,1512.0,830.159340739058,830.159340739058,416,2,179.989,5678.242571574366
2207,,,,1514.0,832.159340739058,832.159340739058,417,2,179.978,3295.0489154846878
2208,,,,1516.0,834.159340739058,834.159340739058,418,2,179.963,4503.7222089787965
2209,,,,1518.0,836.159340739058,836.159340739058,419,2,179.935,8426.098083570023
2210,,,,1520.0,838.159340739058,838.159340739058,420,2,179.897,11460.668972082327
2211,,,,1522.0,840.159340739058,840.159340739058,421,2,179.856,12392.24357566387
2212,,,,1522.0,842.159340739058,842.159340739058,422,2,179.821,10601.687081964043
2213,,,,1521.0,844.159340739058,844.159340739058,423,2,179.79,9410.63852515971
2214,,,,1519.0,846.159340739058,846.159340739058,424,2,179.773,5172.209047579439
2215,,,,1516.0,848.159340739058,848.159340739058,425,2,179.76,3964.2365393027594
2216,,,,1515.0,850.159340739058,850.159340739058,426,2,179.75,3056.4078458882077
2217,,,,1514.0,852.159340739058,852.159340739058,427,2,179.737,3982.422664017005
2218,,,,1514.0,854.159340739058,854.159340739058,428,2,179.724,3991.4806201598385
2219,,,,1516.0,856.159340739058,856.159340739058,429,2,179.706,5539.128333153323
2220,,,,1518.0,858.159340739058,858.159340739058,430,2,179.686,6168.3120357322205
2221,,,,1520.0,860.159340739058,860.159340739058,431,2,179.671,4636.564203154054
2222,,,,1523.0,862.159340739058,862.159340739058,432,2,179.663,2478.4253163552535
2231,,,,1550.0,880.159340739058,880.159340739058,441,2,179.632,9803.342360257906
2232,,,,1553.0,882.159340739058,882.159340739058,442,2,179.593,12358.853877907508
2233,,,,1556.0,884.159340739058,884.159340739058,443,2,179.557,11431.649780152009
2234,,,,1560.0,886.159340739058,886.159340739058,444,2,179.539,5727.892943196807
2235,,,,1563.0,888.159340739058,888.159340739058,445,2,179.535,1275.659708463173
2239,,,,1575.0,896.159340739058,896.159340739058,449,2,179.531,1287.1213993642427
2240,,,,1577.0,898.159340739058,898.159340739058,450,2,179.497,10963.787960750687
2241,,,,1579.0,900.159340739058,900.159340739058,451,2,179.457,12924.631839832526
2242,,,,1582.0,902.159340739058,902.159340739058,452,2,179.418,12626.734902897326
2243,,,,1584.0,904.159340739058,904.159340739058,453,2,179.387,10056.923659872127
2244,,,,1587.0,906.159340739058,906.159340739058,454,2,179.367,6501.765762553327
2245,,,,1590.0,908.159340739058,908.159340739058,455,2,179.364,977.3547253833965
2249,,,,1600.0,916.159340739058,916.159340739058,459,2,179.341,7558.511535354218
2250,,,,1601.0,918.159340739058,918.159340739058,460,2,179.302,12842.365397191608
2251,,,,1603.0,920.159340739058,920.159340739058,461,2,179.267,11547.92151273009
2252,,,,1605.0,922.159340739058,922.159340739058,462,2,179.245,7273.314170472049
2253,,,,1608.0,924.159340739058,924.159340739058,463,2,179.238,2319.0678906247754
2258,,,,1615.0,934.159340739058,934.159340739058,468,2,179.212,8706.084807889301
2259,,,,1617.0,936.159340739058,936.159340739058,469,2,179.172,13420.181166854392
2260,,,,1617.0,938.159340739058,938.159340739058,470,2,179.133,13109.74012075254
2261,,,,1617.0,940.159340739058,940.159340739058,471,2,179.103,10103.967647670299
2262,,,,1617.0,942.159340739058,942.159340739058,472,2,179.089,4724.635140095442
2268,,,,1617.0,954.159340739058,954.159340739058,478,2,179.062,9226.794295211423
2269,,,,1617.0,956.159340739058,956.159340739058,479,2,179.023,13353.06638361865
2270,,,,1616.0,958.159340739058,958.159340739058,480,2,178.979,15093.010253337701
2271,,,,1616.0,960.159340739058,960.159340739058,481,2,178.943,12371.837456016654
2272,,,,1616.0,962.159340739058,962.159340739058,482,2,178.916,9296.569246978786
2273,,,,1617.0,964.159340739058,964.159340739058,483,2,178.899,5864.841466609871
2274,,,,1618.0,966.159340739058,966.159340739058,484,2,178.879,6913.411132222311
2275,,,,1619.0,968.159340739058,968.159340739058,485,2,178.853,9004.881009306662
2276,,,,1619.0,970.159340739058,970.159340739058,486,2,178.817,12491.888090477474
2277,,,,1619.0,972.159340739058,972.159340739058,487,2,178.776,14253.132380447876
2278,,,,1619.0,974.159340739058,974.159340739058,488,2,178.734,14627.411648120622
2279,,,,1619.0,976.159340739058,976.159340739058,489,2,178.694,13956.267233674342
2280,,,,1617.0,978.159340739058,978.159340739058,490,2,178.651,15030.235033497434
2281,,,,1615.0,980.159340739058,980.159340739058,491,2,178.604,16457.84078795838
2282,,,,1614.0,982.159340739058,982.159340739058,492,2,178.561,15084.096460210058
2283,,,,1613.0,984.159340739058,984.159340739058,493,2,178.52,14408.408663567068
2284,,,,1611.0,986.159340739058,986.159340739058,494,2,178.475,15842.427923126905
2285,,,,1608.0,988.159340739058,988.159340739058,495,2,178.428,16575.820559825184
2286,,,,1605.0,990.159340739058,990.159340739058,496,2,178.381,16604.994917857795
2287,,,,1602.0,992.159340739058,992.159340739058,497,2,178.336,15926.40465976423
2288,,,,1598.0,994.159340739058,994.159340739058,498,2,178.291,15954.482844444306
2289,,,,1593.0,996.159340739058,996.159340739058,499,2,178.245,16337.666668645332
2290,,,,1588.0,998.159340739058,998.159340739058,500,2,178.205,14231.75588025466
2291,,,,1583.0,1000.159340739058,1000.159340739058,501,2,178.168,13187.902035278601
2292,,,,1578.0,1002.159340739058,1002.159340739058,502,2,178.129,13925.588298470464
2293,,,,1571.0,1004.159340739058,1004.159340739058,503,2,178.087,15023.30019627015
2294,,,,1565.0,1006.159340739058,1006.159340739058,504,2,178.042,16124.513393608218
2295,,,,1560.0,1008.159340739058,1008.159340739058,505,2,177.997,16152.481958278218
2296,,,,1555.0,1010.159340739058,1010.159340739058,506,2,177.954,15461.390782304854
2297,,,,1550.0,1012.159340739058,1012.159340739058,507,2,177.911,15488.259603062805
2298,,,,1546.0,1014.159340739058,1014.159340739058,508,2,177.867,15875.885604900286
2299,,,,1538.0,1016.159340739058,1016.159340739058,509,2,177.824,15541.86547886513
2300,,,,1534.0,1018.159340739058,1018.159340739058,510,2,177.78,15930.707504987602
2301,,,,1532.0,1020.159340739058,1020.159340739058,511,2,177.736,15958.050600020266
2302,,,,1530.0,1022.159340739058,1022.159340739058,512,2,177.693,15622.118109732322
2303,,,,1527.0,1024.159340739058,1024.159340739058,513,2,177.652,14921.125938340929
2304,,,,1523.0,1026.159340739058,1026.159340739058,514,2,177.615,13488.740368726565
2305,,,,1519.0,1028.159340739058,1028.159340739058,515,2,177.58,12781.896996182095
2306,,,,1515.0,1030.159340739058,1030.159340739058,516,2,177.544,13170.035005942722
2307,,,,1510.0,1032.159340739058,1032.159340739058,517,2,177.507,13559.360625285752
2308,,,,1505.0,1034.159340739058,1034.159340739058,518,2,177.466,15051.044390065625
2309,,,,1501.0,1036.159340739058,1036.159340739058,519,2,177.425,15076.668608362057
2310,,,,1498.0,1038.159340739058,1038.159340739058,520,2,177.384,15102.279378668958
2311,,,,1496.0,1040.159340739058,1040.159340739058,521,2,177.345,14390.012628455288
2312,,,,1494.0,1042.159340739058,1042.159340739058,522,2,177.31,12936.245734642112
2313,,,,1490.0,1044.159340739058,1044.159340739058,523,2,177.272,14069.124079605634
2314,,,,1487.0,1046.159340739058,1046.159340739058,524,2,177.238,12609.714228100682
2315,,,,1485.0,1048.159340739058,1048.159340739058,525,2,177.202,13374.34548233637
2316,,,,1482.0,1050.159340739058,1050.159340739058,526,2,177.165,13769.247158690363
2317,,,,1479.0,1052.159340739058,1052.159340739058,527,2,177.131,12674.37875673745
2318,,,,1475.0,1054.159340739058,1054.159340739058,528,2,177.093,14189.524455934255
2319,,,,1471.0,1056.159340739058,1056.159340739058,529,2,177.055,14213.395291747576
2320,,,,1468.0,1058.159340739058,1058.159340739058,530,2,177.018,13862.629133381819
2321,,,,1464.0,1060.159340739058,1060.159340739058,531,2,176.982,13510.670638379068
2322,,,,1461.0,1062.159340739058,1062.159340739058,532,2,176.946,13533.405521367873
2323,,,,1459.0,1064.159340739058,1064.159340739058,533,2,176.911,13179.608114255247
2324,,,,1455.0,1066.159340739058,1066.159340739058,534,2,176.877,12824.60894860417
2325,,,,1451.0,1068.159340739058,1068.159340739058,535,2,176.84,13979.566348545624
2326,,,,1446.0,1070.159340739058,1070.159340739058,536,2,176.799,15516.453243083206
2327,,,,1441.0,1072.159340739058,1072.159340739058,537,2,176.754,17057.931812840263
2328,,,,1438.0,1074.159340739058,1074.159340739058,538,2,176.712,15946.509832414822
2329,,,,1435.0,1076.159340739058,1076.159340739058,539,2,176.672,15211.899698706224
2330,,,,1433.0,1078.159340739058,1078.159340739058,540,2,176.63,15998.465758875815
2331,,,,1431.0,1080.159340739058,1080.159340739058,541,2,176.586,16787.30071472684
2332,,,,1431.0,1082.159340739058,1082.159340739058,542,2,176.54,17578.375570467655
2333,,,,1432.0,1084.159340739058,1084.159340739058,543,2,176.5,15310.064546177637
2334,,,,1436.0,1086.159340739058,1086.159340739058,544,2,176.465,13418.168109637349
2335,,,,1442.0,1088.159340739058,1088.159340739058,545,2,176.427,14592.103590743522
2336,,,,1447.0,1090.159340739058,1090.159340739058,546,2,176.388,15000.358144306283
2337,,,,1452.0,1092.159340739058,1092.159340739058,547,2,176.345,16565.34755168959
2338,,,,1456.0,1094.159340739058,1094.159340739058,548,2,176.306,15048.3990411629
2339,,,,1461.0,1096.159340739058,1096.159340739058,549,2,176.266,15459.003643329956
2340,,,,1467.0,1098.159340739058,1098.159340739058,550,2,176.227,15096.64573930525
2341,,,,1470.0,1100.159340739058,1100.159340739058,551,2,176.191,13957.774363605315
2342,,,,1473.0,1102.159340739058,1102.159340739058,552,2,176.158,12815.376471158193
2343,,,,1475.0,1104.159340739058,1104.159340739058,553,2,176.132,10113.591647866044
2344,,,,1477.0,1106.159340739058,1106.159340739058,554,2,176.115,6623.902258052693
2345,,,,1479.0,1108.159340739058,1108.159340739058,555,2,176.108,2732.2344523138854
2350,,,,1481.0,1118.159340739058,1118.159340739058,560,2,176.107,393.83249220028785
2351,,,,1483.0,1120.159340739058,1120.159340739058,561,2,176.075,12623.99862208943
2352,,,,1481.0,1122.159340739058,1122.159340739058,562,2,176.041,13434.428786401686
2353,,,,1479.0,1124.159340739058,1124.159340739058,563,2,176.005,14247.208773714146
2354,,,,1476.0,1126.159340739058,1126.159340739058,564,2,175.967,15062.309108180154
2355,,,,1474.0,1128.159340739058,1128.159340739058,565,2,175.927,15879.700122009328
2356,,,,1474.0,1130.159340739058,1130.159340739058,566,2,175.88,18687.104457805955
2357,,,,1474.0,1132.159340739058,1132.159340739058,567,2,175.831,19511.451800645693
2358,,,,1476.0,1134.159340739058,1134.159340739058,568,2,175.783,19141.742516862636
2359,,,,1479.0,1136.159340739058,1136.159340739058,569,2,175.738,17972.274042712055
2360,,,,1484.0,1138.159340739058,1138.159340739058,570,2,175.698,15999.606642875682
2361,,,,1489.0,1140.159340739058,1140.159340739058,571,2,175.656,16825.18089025394
2362,,,,1493.0,1142.159340739058,1142.159340739058,572,2,175.611,18054.129831458788
2363,,,,1498.0,1144.159340739058,1144.159340739058,573,2,175.567,17679.357914323737
2364,,,,1504.0,1146.159340739058,1146.159340739058,574,2,175.524,17303.467851277477
2365,,,,1511.0,1148.159340739058,1148.159340739058,575,2,175.48,17732.37493442247
2366,,,,1517.0,1150.159340739058,1150.159340739058,576,2,175.436,17758.809869443667
2367,,,,1523.0,1152.159340739058,1152.159340739058,577,2,175.39,18593.542832217918
2368,,,,1529.0,1154.159340739058,1154.159340739058,578,2,175.343,19025.68309860411
2369,,,,1535.0,1156.159340739058,1156.159340739058,579,2,175.305,15405.388499428733
2370,,,,1541.0,1158.159340739058,1158.159340739058,580,2,175.279,10556.835492159456
2371,,,,1548.0,1160.159340739058,1160.159340739058,581,2,175.265,5693.616543164521
2376,,,,1573.0,1170.159340739058,1170.159340739058,586,2,175.255,4101.642521154816
2377,,,,1577.0,1172.159340739058,1172.159340739058,587,2,175.217,15610.743081757775
2378,,,,1580.0,1174.159340739058,1174.159340739058,588,2,175.171,18924.92178182086
2379,,,,1583.0,1176.159340739058,1176.159340739058,589,2,175.128,17716.319958769327
2380,,,,1587.0,1178.159340739058,1178.159340739058,590,2,175.092,14854.13871527962
2381,,,,1591.0,1180.159340739058,1180.159340739058,591,2,175.07,9091.433011589315
2382,,,,1594.0,1182.159340739058,1182.159340739058,592,2,175.058,4966.885027851607
2383,,,,1597.0,1184.159340739058,1184.159340739058,593,2,175.056,829.1815268392049
2387,,,,1605.0,1192.159340739058,1192.159340739058,597,2,175.04,6677.923464894262
2388,,,,1607.0,1194.159340739058,1194.159340739058,598,2,175.007,13794.392526668189
2389,,,,1609.0,1196.159340739058,1196.159340739058,599,2,174.965,17582.13562548011
2390,,,,1612.0,1198.159340739058,1198.159340739058,600,2,174.921,18445.64388013302
2391,,,,1614.0,1200.159340739058,1200.159340739058,601,2,174.889,13434.48764747831
2392,,,,1616.0,1202.159340739058,1202.159340739058,602,2,174.87,7988.8549282957865
2393,,,,1617.0,1204.159340739058,1204.159340739058,603,2,174.866,1684.551484766935
2397,,,,1622.0,1212.159340739058,1212.159340739058,607,2,174.847,8054.249711032
2398,,,,1624.0,1214.159340739058,1214.159340739058,608,2,174.815,13585.452268852554
2399,,,,1627.0,1216.159340739058,1216.159340739058,609,2,174.776,16581.1760434386
2400,,,,1630.0,1218.159340739058,1218.159340739058,610,2,174.731,19158.984751672644
2401,,,,1632.0,1220.159340739058,1220.159340739058,611,2,174.692,16627.71775543806
2402,,,,1635.0,1222.159340739058,1222.159340739058,612,2,174.67,9393.47269519258
2403,,,,1637.0,1224.159340739058,1224.159340739058,613,2,174.658,5131.597610180518
2413,,,,1641.0,1244.159340739058,1244.159340739058,623,2,174.639,8257.041379590504
2414,,,,1642.0,1246.159340739058,1246.159340739058,624,2,174.594,19583.998427001483
2415,,,,1644.0,1248.159340739058,1248.159340739058,625,2,174.549,19610.374351659113
2416,,,,1649.0,1250.159340739058,1250.159340739058,626,2,174.512,16146.129176598184
2417,,,,1654.0,1252.159340739058,1252.159340739058,627,2,174.489,10051.111827775567
2418,,,,1656.0,1254.159340739058,1254.159340739058,628,2,174.48,3938.964578811684
2423,,,,1663.0,1264.159340739058,1264.159340739058,633,2,174.476,1764.5439476236425
2424,,,,1664.0,1266.159340739058,1266.159340739058,634,2,174.44,15904.197091199732
2425,,,,1666.0,1268.159340739058,1268.159340739058,635,2,174.392,21233.978839137784
2426,,,,1670.0,1270.159340739058,1270.159340739058,636,2,174.346,20375.830095846828
2427,,,,1673.0,1272.159340739058,1272.159340739058,637,2,174.304,18628.610874244954
2428,,,,1676.0,1274.159340739058,1274.159340739058,638,2,174.27,15100.719813314763
2429,,,,1677.0,1276.159340739058,1276.159340739058,639,2,174.251,8450.598262283056
2430,,,,1678.0,1278.159340739058,1278.159340739058,640,2,174.249,890.8770604993773
2435,,,,1681.0,1288.159340739058,1288.159340739058,645,2,174.225,10773.360914513269
2436,,,,1683.0,1290.159340739058,1290.159340739058,646,2,174.173,23373.424567726557
2437,,,,1685.0,1292.159340739058,1292.159340739058,647,2,174.124,22052.705873171162
2438,,,,1688.0,1294.159340739058,1294.159340739058,648,2,174.08,19827.784199631144
2439,,,,1689.0,1296.159340739058,1296.159340739058,649,2,174.048,14439.33948713464
2440,,,,1689.0,1298.159340739058,1298.159340739058,650,2,174.025,10392.646972806775
2441,,,,1691.0,1300.159340739058,1300.159340739058,651,2,174.017,3620.0804581604502
2442,,,,1692.0,1302.159340739058,1302.159340739058,652,2,174.015,906.3862393565195
2447,,,,1690.0,1312.159340739058,1312.159340739058,657,2,174.001,6393.134231764606
2448,,,,1688.0,1314.159340739058,1314.159340739058,658,2,173.965,16462.179689746477
2449,,,,1685.0,1316.159340739058,1316.159340739058,659,2,173.921,20146.429970148412
2450,,,,1681.0,1318.159340739058,1318.159340739058,660,2,173.884,16963.109151715493
2451,,,,1679.0,1320.159340739058,1320.159340739058,661,2,173.861,10558.81262874021
2452,,,,1677.0,1322.159340739058,1322.159340739058,662,2,173.851,4597.306686866412
2453,,,,1677.0,1324.159340739058,1324.159340739058,663,2,173.846,2302.0311514826476
2454,,,,1677.0,1326.159340739058,1326.159340739058,664,2,173.845,461.0936673431055
2461,,,,1660.0,1340.159340739058,1340.159340739058,671,2,173.82,11648.162429953763
2462,,,,1656.0,1342.159340739058,1342.159340739058,672,2,173.773,21926.684011097655
2463,,,,1653.0,1344.159340739058,1344.159340739058,673,2,173.726,21953.41925713027
2464,,,,1651.0,1346.159340739058,1346.159340739058,674,2,173.681,21044.93301396018
2465,,,,1649.0,1348.159340739058,1348.159340739058,675,2,173.637,20602.560259904778
2466,,,,1647.0,1350.159340739058,1350.159340739058,676,2,173.589,22502.90050787894
2467,,,,1645.0,1352.159340739058,1352.159340739058,677,2,173.543,21591.377708390184
2468,,,,1643.0,1354.159340739058,1354.159340739058,678,2,173.499,20677.80730087086
2469,,,,1640.0,1356.159340739058,1356.159340739058,679,2,173.468,14586.818677327252
2470,,,,1637.0,1358.159340739058,1358.159340739058,680,2,173.451,8009.911765605577
2471,,,,1635.0,1360.159340739058,1360.159340739058,681,2,173.449,943.678550595854
2493,,,,1623.0,1404.159340739058,1404.159340739058,703,2,173.443,2922.549852166031
2494,,,,1626.0,1406.159340739058,1406.159340739058,704,2,173.423,9754.977317700874
2501,,,,1640.0,1420.159340739058,1420.159340739058,711,2,173.418,2462.8474295041383
2502,,,,1643.0,1422.159340739058,1422.159340739058,712,2,173.381,18248.52717673472
2503,,,,1646.0,1424.159340739058,1424.159340739058,713,2,173.335,22713.826179245614
2504,,,,1648.0,1426.159340739058,1426.159340739058,714,2,173.294,20268.275630961023
2505,,,,1650.0,1428.159340739058,1428.159340739058,715,2,173.262,15837.99003165857
2506,,,,1650.0,1430.159340739058,1430.159340739058,716,2,173.242,9911.118644074002
2507,,,,1648.0,1432.159340739058,1432.159340739058,717,2,173.237,2481.0656810973837
2519,,,,1655.0,1456.159340739058,1456.159340739058,729,2,173.219,9080.912529991983
2520,,,,1658.0,1458.159340739058,1458.159340739058,730,2,173.174,22729.32848324179
2521,,,,1662.0,1460.159340739058,1460.159340739058,731,2,173.126,24271.35262550184
2522,,,,1667.0,1462.159340739058,1462.159340739058,732,2,173.081,22779.440949574175
2523,,,,1670.0,1464.159340739058,1464.159340739058,733,2,173.033,24324.77021090772
2524,,,,1671.0,1466.159340739058,1466.159340739058,734,2,172.988,22829.486455877788
2525,,,,1672.0,1468.159340739058,1468.159340739058,735,2,172.935,26917.114432201906
2526,,,,1672.0,1470.159340739058,1470.159340739058,736,2,172.885,25420.525160724832
2527,,,,1664.0,1472.159340739058,1472.159340739058,737,2,172.833,26465.503114000716
2528,,,,1657.0,1474.159340739058,1474.159340739058,738,2,172.783,25474.652735449305
2529,,,,1648.0,1476.159340739058,1476.159340739058,739,2,172.728,28051.61094878408
2530,,,,1643.0,1478.159340739058,1478.159340739058,740,2,172.678,25528.25526237156
2531,,,,1636.0,1480.159340739058,1480.159340739058,741,2,172.63,24533.321358333218
2532,,,,1627.0,1482.159340739058,1482.159340739058,742,2,172.579,26094.39193671038
2533,,,,1620.0,1484.159340739058,1484.159340739058,743,2,172.526,27146.112892143494
2534,,,,1615.0,1486.159340739058,1486.159340739058,744,2,172.473,27174.34477896722
2535,,,,1611.0,1488.159340739058,1488.159340739058,745,2,172.421,26689.375838583284
2536,,,,1604.0,1490.159340739058,1490.159340739058,746,2,172.371,25689.750970596302
2537,,,,1598.0,1492.159340739058,1492.159340739058,747,2,172.317,27773.788617396935
2538,,,,1593.0,1494.159340739058,1494.159340739058,748,2,172.265,26772.741525439167
2539,,,,1590.0,1496.159340739058,1496.159340739058,749,2,172.214,26285.169150454618
2540,,,,1587.0,1498.159340739058,1498.159340739058,750,2,172.164,25796.65587225763
2541,,,,1584.0,1500.159340739058,1500.159340739058,751,2,172.115,25307.194525833533
2542,,,,1582.0,1502.159340739058,1502.159340739058,752,2,172.065,25850.66009478433
2543,,,,1581.0,1504.159340739058,1504.159340739058,753,2,172.017,24842.599405449415
2544,,,,1578.0,1506.159340739058,1506.159340739058,754,2,171.968,25386.714820385536
2545,,,,1573.0,1508.159340739058,1508.159340739058,755,2,171.919,25413.18316921657
2546,,,,1568.0,1510.159340739058,1510.159340739058,756,2,171.864,28554.1909750548
2547,,,,1566.0,1512.159340739058,1512.159340739058,757,2,171.814,25984.79489533181
2548,,,,1564.0,1514.159340739058,1514.159340739058,758,2,171.768,23930.9431520471
2549,,,,1563.0,1516.159340739058,1516.159340739058,759,2,171.724,22914.698587847986
2550,,,,1561.0,1518.159340739058,1518.159340739058,760,2,171.682,21896.49111576598
2551,,,,1557.0,1520.159340739058,1520.159340739058,761,2,171.642,20876.2874199917
2552,,,,1553.0,1522.159340739058,1522.159340739058,762,2,171.6,21943.698690226975
2553,,,,1551.0,1524.159340739058,1524.159340739058,763,2,171.554,24058.98322294661
2554,,,,1547.0,1526.159340739058,1526.159340739058,764,2,171.511,22513.589731921067
2555,,,,1543.0,1528.159340739058,1528.159340739058,765,2,171.468,22537.442188679015
2556,,,,1540.0,1530.159340739058,1530.159340739058,766,2,171.425,22561.279853422056
2557,,,,1536.0,1532.159340739058,1532.159340739058,767,2,171.379,24160.59612957562
2558,,,,1532.0,1534.159340739058,1534.159340739058,768,2,171.333,24185.641535230683
2559,,,,1529.0,1536.159340739058,1536.159340739058,769,2,171.287,24210.67001290067
2560,,,,1527.0,1538.159340739058,1538.159340739058,770,2,171.241,24235.68156257066
2561,,,,1523.0,1540.159340739058,1540.159340739058,771,2,171.197,23205.999710261945
2562,,,,1521.0,1542.159340739058,1542.159340739058,772,2,171.151,24285.937635229333
2563,,,,1518.0,1544.159340739058,1544.159340739058,773,2,171.109,22197.166990377544
2564,,,,1514.0,1546.159340739058,1546.159340739058,774,2,171.065,23278.44315535994
2565,,,,1511.0,1548.159340739058,1548.159340739058,775,2,171.024,21713.939509275744
2566,,,,1508.0,1550.159340739058,1550.159340739058,776,2,170.981,22796.97654917022
2567,,,,1505.0,1552.159340739058,1552.159340739058,777,2,170.941,21228.697044162986
2568,,,,1502.0,1554.159340739058,1554.159340739058,778,2,170.9,21782.290711099104
2569,,,,1501.0,1556.159340739058,1556.159340739058,779,2,170.857,22868.618955960592
2570,,,,1498.0,1558.159340739058,1558.159340739058,780,2,170.816,21827.620033560088
2571,,,,1493.0,1560.159340739058,1560.159340739058,781,2,170.771,23981.85669263495
2572,,,,1490.0,1562.159340739058,1562.159340739058,782,2,170.725,24539.67364634704
2573,,,,1484.0,1564.159340739058,1564.159340739058,783,2,170.675,26700.199946406614
2574,,,,1478.0,1566.159340739058,1566.159340739058,784,2,170.62,29398.729370868172
2575,,,,1475.0,1568.159340739058,1568.159340739058,785,2,170.568,27821.93175569603
2576,,,,1472.0,1570.159340739058,1570.159340739058,786,2,170.527,21958.513513518465
2577,,,,1468.0,1572.159340739058,1572.159340739058,787,2,170.485,22517.258446358137
2578,,,,1465.0,1574.159340739058,1574.159340739058,788,2,170.444,22003.739365045425
2579,,,,1464.0,1576.159340739058,1576.159340739058,789,2,170.405,20952.06107012428
2580,,,,1463.0,1578.159340739058,1578.159340739058,790,2,170.367,20436.11556477442
2581,,,,1462.0,1580.159340739058,1580.159340739058,791,2,170.332,18842.554753064134
2582,,,,1459.0,1582.159340739058,1582.159340739058,792,2,170.301,16707.00616413618
2583,,,,1457.0,1584.159340739058,1584.159340739058,793,2,170.265,19422.389161373703
2584,,,,1457.0,1586.159340739058,1586.159340739058,794,2,170.228,19982.817639019737
2585,,,,1459.0,1588.159340739058,1588.159340739058,795,2,170.191,20003.66574076015
2586,,,,1460.0,1590.159340739058,1590.159340739058,796,2,170.157,18401.056744258705
2587,,,,1462.0,1592.159340739058,1592.159340739058,797,2,170.127,16253.590473122105
2588,,,,1464.0,1594.159340739058,1594.159340739058,798,2,170.1,14644.153350592205
2589,,,,1466.0,1596.159340739058,1596.159340739058,799,2,170.075,13574.337593400813
2590,,,,1468.0,1598.159340739058,1598.159340739058,800,2,170.049,14132.881037838051
2591,,,,1472.0,1600.159340739058,1600.159340739058,801,2,170.019,16324.889600594119
2592,,,,1476.0,1602.159340739058,1602.159340739058,802,2,169.982,20155.223786396302
2593,,,,1479.0,1604.159340739058,1604.159340739058,803,2,169.939,23447.36023232801
2594,,,,1483.0,1606.159340739058,1606.159340739058,804,2,169.893,25107.919689769416
2595,,,,1487.0,1608.159340739058,1608.159340739058,805,2,169.85,23493.517792734
2596,,,,1491.0,1610.159340739058,1610.159340739058,806,2,169.823,14767.046651157954
2597,,,,1495.0,1612.159340739058,1612.159340739058,807,2,169.806,9308.113100507473
2598,,,,1499.0,1614.159340739058,1614.159340739058,808,2,169.798,4385.399750024137
2606,,,,1530.0,1630.159340739058,1630.159340739058,816,2,169.772,14392.3833907096
2607,,,,1532.0,1632.159340739058,1632.159340739058,817,2,169.73,23273.097140983733
2608,,,,1533.0,1634.159340739058,1634.159340739058,818,2,169.685,24959.618668655694
2609,,,,1534.0,1636.159340739058,1636.159340739058,819,2,169.642,23873.300746446916
2610,,,,1534.0,1638.159340739058,1638.159340739058,820,2,169.606,20006.72208097434
2611,,,,1534.0,1640.159340739058,1640.159340739058,821,2,169.577,16133.110804424958
2612,,,,1536.0,1642.159340739058,1642.159340739058,822,2,169.556,11695.118897752567
2613,,,,1537.0,1644.159340739058,1644.159340739058,823,2,169.539,9477.945598028049
2614,,,,1536.0,1646.159340739058,1646.159340739058,824,2,169.526,7256.015219267008
2615,,,,1535.0,1648.159340739058,1648.159340739058,825,2,169.523,1676.4203289627153
2623,,,,1548.0,1664.159340739058,1664.159340739058,833,2,169.508,8463.024081743857
2624,,,,1548.0,1666.159340739058,1666.159340739058,834,2,169.474,19203.13287185328
2625,,,,1549.0,1668.159340739058,1668.159340739058,835,2,169.435,22048.814346403604
2626,,,,1548.0,1670.159340739058,1670.159340739058,836,2,169.392,24333.488394621094
2627,,,,1547.0,1672.159340739058,1672.159340739058,837,2,169.345,26621.84521438286
2628,,,,1546.0,1674.159340739058,1674.159340739058,838,2,169.308,20977.486079117738
2629,,,,1546.0,1676.159340739058,1676.159340739058,839,2,169.283,14188.311683507685
2630,,,,1546.0,1678.159340739058,1678.159340739058,840,2,169.264,10794.580396241485
2631,,,,1546.0,1680.159340739058,1680.159340739058,841,2,169.247,9668.7911160773
2632,,,,1547.0,1682.159340739058,1682.159340739058,842,2,169.235,6832.567895664713
2633,,,,1545.0,1684.159340739058,1684.159340739058,843,2,169.227,4560.191510287358
2634,,,,1543.0,1686.159340739058,1686.159340739058,844,2,169.223,2282.7225154872167
2635,,,,1543.0,1688.159340739058,1688.159340739058,845,2,169.222,571.3490880791586
2636,,,,1542.0,1690.159340739058,1690.159340739058,846,2,169.22,1144.0418152022792
2637,,,,1539.0,1692.159340739058,1692.159340739058,847,2,169.215,2863.4297324125114
2638,,,,1536.0,1694.159340739058,1694.159340739058,848,2,169.205,5733.374040923906
2639,,,,1535.0,1696.159340739058,1696.159340739058,849,2,169.195,5739.803209072065
2640,,,,1533.0,1698.159340739058,1698.159340739058,850,2,169.182,7470.034822139388
2641,,,,1531.0,1700.159340739058,1700.159340739058,851,2,169.167,8628.708191687945
2642,,,,1529.0,1702.159340739058,1702.159340739058,852,2,169.146,12093.115293921153
2643,,,,1526.0,1704.159340739058,1704.159340739058,853,2,169.122,13835.101724939013
2644,,,,1522.0,1706.159340739058,1706.159340739058,854,2,169.086,20773.322579257103
2645,,,,1518.0,1708.159340739058,1708.159340739058,855,2,169.047,22525.81665213174
2646,,,,1513.0,1710.159340739058,1710.159340739058,856,2,169.003,25437.252066027337
2647,,,,1508.0,1712.159340739058,1712.159340739058,857,2,168.954,28353.175481576713
2648,,,,1505.0,1714.159340739058,1714.159340739058,858,2,168.907,27219.93668400592
2649,,,,1503.0,1716.159340739058,1716.159340739058,859,2,168.858,28403.269426515493
2650,,,,1505.0,1718.159340739058,1718.159340739058,860,2,168.809,28428.119795361265
2651,,,,1508.0,1720.159340739058,1720.159340739058,861,2,168.761,27872.36105535868
2652,,,,1512.0,1722.159340739058,1722.159340739058,862,2,168.71,29640.12057879895
2653,,,,1516.0,1724.159340739058,1724.159340739058,863,2,168.661,28502.386686283196
2654,,,,1519.0,1726.159340739058,1726.159340739058,864,2,168.609,30273.451564250863
2655,,,,1522.0,1728.159340739058,1728.159340739058,865,2,168.561,27968.807276016494
2656,,,,1525.0,1730.159340739058,1730.159340739058,866,2,168.511,29159.413465086418
2657,,,,1530.0,1732.159340739058,1732.159340739058,867,2,168.466,26266.40361738285
2658,,,,1533.0,1734.159340739058,1734.159340739058,868,2,168.431,20448.157779591835
2659,,,,1537.0,1736.159340739058,1736.159340739058,869,2,168.408,13450.542052044042
2660,,,,1541.0,1738.159340739058,1738.159340739058,870,2,168.402,3512.5766853260657
2664,,,,1555.0,1746.159340739058,1746.159340739058,874,2,168.391,6469.036671298284
2665,,,,1557.0,1748.159340739058,1748.159340739058,875,2,168.351,23547.14690876139
2666,,,,1559.0,1750.159340739058,1750.159340739058,876,2,168.307,25925.026306725875
2667,,,,1560.0,1752.159340739058,1752.159340739058,877,2,168.268,22999.588174253182
2668,,,,1561.0,1754.159340739058,1754.159340739058,878,2,168.235,19479.236061003954
2669,,,,1564.0,1756.159340739058,1756.159340739058,879,2,168.218,10044.706337398906
2670,,,,1564.0,1758.159340739058,1758.159340739058,880,2,168.21,4731.95224547825
2674,,,,1571.0,1766.159340739058,1766.159340739058,884,2,168.203,4159.1127360753135
2675,,,,1574.0,1768.159340739058,1768.159340739058,885,2,168.164,23195.267665697946
2676,,,,1576.0,1770.159340739058,1770.159340739058,886,2,168.12,26192.15560459782
2677,,,,1577.0,1772.159340739058,1772.159340739058,887,2,168.083,22044.79561287992
2678,,,,1590.0,1774.159340739058,1774.159340739058,888,2,168.056,16101.831959182664
2679,,,,1587.0,1776.159340739058,1776.159340739058,889,2,168.05,3581.866868270787
2680,,,,1588.0,1778.159340739058,1778.159340739058,890,2,168.047,1792.9020598416864
2685,,,,1593.0,1788.159340739058,1788.159340739058,895,2,168.037,6009.71743872399
2686,,,,1596.0,1790.159340739058,1790.159340739058,896,2,168.0,22257.711652209135
2687,,,,1598.0,1792.159340739058,1792.159340739058,897,2,167.955,27093.820109302033
2688,,,,1598.0,1794.159340739058,1794.159340739058,898,2,167.917,22899.099671529515
2689,,,,1602.0,1796.159340739058,1796.159340739058,899,2,167.889,16888.51034012909
2690,,,,1606.0,1798.159340739058,1798.159340739058,900,2,167.872,10263.780232897607
2691,,,,1607.0,1800.159340739058,1800.159340739058,901,2,167.855,10274.155614815832
2692,,,,1608.0,1802.159340739058,1802.159340739058,902,2,167.832,13914.113640135121
2693,,,,1611.0,1804.159340739058,1804.159340739058,903,2,167.802,18166.11648508908
2694,,,,1614.0,1806.159340739058,1806.159340739058,904,2,167.776,15758.790820398935
2695,,,,1618.0,1808.159340739058,1808.159340739058,905,2,167.76,9707.240840879393
2696,,,,1621.0,1810.159340739058,1810.159340739058,906,2,167.753,4251.323936228723
2701,,,,1624.0,1820.159340739058,1820.159340739058,911,2,167.739,8549.084565593947
2702,,,,1625.0,1822.159340739058,1822.159340739058,912,2,167.693,28115.685391203326
2703,,,,1628.0,1824.159340739058,1824.159340739058,913,2,167.643,30585.314834310593
2704,,,,1629.0,1826.159340739058,1826.159340739058,914,2,167.598,27549.15675968396
2705,,,,1632.0,1828.159340739058,1828.159340739058,915,2,167.563,21445.469948065846
2706,,,,1634.0,1830.159340739058,1830.159340739058,916,2,167.542,12879.206463437375
2707,,,,1635.0,1832.159340739058,1832.159340739058,917,2,167.533,5525.197119892192
2708,,,,1636.0,1834.159340739058,1834.159340739058,918,2,167.532,614.5625994902
2713,,,,1636.0,1844.159340739058,1844.159340739058,923,2,167.526,3707.4020423362244
2714,,,,1636.0,1846.159340739058,1846.159340739058,924,2,167.49,22265.74503709415
2715,,,,1638.0,1848.159340739058,1848.159340739058,925,2,167.447,26617.72863969601
2716,,,,1639.0,1850.159340739058,1850.159340739058,926,2,167.402,27878.580228930838
2717,,,,1640.0,1852.159340739058,1852.159340739058,927,2,167.361,25421.411112735026
2718,,,,1642.0,1854.159340739058,1854.159340739058,928,2,167.332,17996.650414667092
2719,,,,1643.0,1856.159340739058,1856.159340739058,929,2,167.318,8696.292127285122
2720,,,,1644.0,1858.159340739058,1858.159340739058,930,2,167.316,1243.606585663686
2724,,,,1648.0,1866.159340739058,1866.159340739058,934,2,167.297,11864.382334175058
2725,,,,1649.0,1868.159340739058,1868.159340739058,935,2,167.257,25000.007203259618
2726,,,,1650.0,1870.159340739058,1870.159340739058,936,2,167.209,30024.22627486337
2727,,,,1651.0,1872.159340739058,1872.159340739058,937,2,167.164,28169.979085852312
2728,,,,1652.0,1874.159340739058,1874.159340739058,938,2,167.129,21928.14219727673
2729,,,,1653.0,1876.159340739058,1876.159340739058,939,2,167.11,11914.626815881958
2730,,,,1655.0,1878.159340739058,1878.159340739058,940,2,167.108,1255.4293170922476
2735,,,,1661.0,1888.159340739058,1888.159340739058,945,2,167.074,21453.62140342807
2736,,,,1661.0,1890.159340739058,1890.159340739058,946,2,167.03,27786.431040651456
2737,,,,1662.0,1892.159340739058,1892.159340739058,947,2,166.981,30968.09964442425
2738,,,,1662.0,1894.159340739058,1894.159340739058,948,2,166.929,32888.89476423655
2739,,,,1662.0,1896.159340739058,1896.159340739058,949,2,166.878,32280.51431376844
2740,,,,1662.0,1898.159340739058,1898.159340739058,950,2,166.831,29771.34420561657
2741,,,,1661.0,1900.159340739058,1900.159340739058,951,2,166.781,31695.79789912112
2742,,,,1660.0,1902.159340739058,1902.159340739058,952,2,166.732,31085.34854219155
2743,,,,1659.0,1904.159340739058,1904.159340739058,953,2,166.682,31743.669121665833
2744,,,,1656.0,1906.159340739058,1906.159340739058,954,2,166.63,33037.98067337691
2745,,,,1653.0,1908.159340739058,1908.159340739058,955,2,166.582,30519.436331825622
2746,,,,1650.0,1910.159340739058,1910.159340739058,956,2,166.537,28633.966624236484
2747,,,,1646.0,1912.159340739058,1912.159340739058,957,2,166.491,29292.919642666842
2748,,,,1641.0,1914.159340739058,1914.159340739058,958,2,166.441,31864.244881554052
2749,,,,1635.0,1916.159340739058,1916.159340739058,959,2,166.396,28699.592692220613
2750,,,,1631.0,1918.159340739058,1918.159340739058,960,2,166.352,28083.602109727533
2751,,,,1627.0,1920.159340739058,1920.159340739058,961,2,166.311,26189.404637497337
2752,,,,1623.0,1922.159340739058,1922.159340739058,962,2,166.269,26849.413648806847
2753,,,,1620.0,1924.159340739058,1924.159340739058,963,2,166.227,26870.56193465272
2754,,,,1618.0,1926.159340739058,1926.159340739058,964,2,166.185,26891.696108498592
2755,,,,1616.0,1928.159340739058,1928.159340739058,965,2,166.149,23068.544628427142
2756,,,,1615.0,1930.159340739058,1930.159340739058,966,2,166.113,23087.469703415947
2757,,,,1614.0,1932.159340739058,1932.159340739058,967,2,166.075,24389.9255891012
2758,,,,1614.0,1934.159340739058,1934.159340739058,968,2,166.043,20555.81222167099
2759,,,,1614.0,1936.159340739058,1936.159340739058,969,2,166.021,14144.433937122558
2760,,,,1614.0,1938.159340739058,1938.159340739058,970,2,166.008,8365.826400686308
2761,,,,1616.0,1940.159340739058,1940.159340739058,971,2,165.999,5797.318340176145
2762,,,,1616.0,1942.159340739058,1942.159340739058,972,2,165.992,4513.455951842329
2773,,,,1628.0,1964.159340739058,1964.159340739058,983,2,165.954,24775.803787785346
2774,,,,1630.0,1966.159340739058,1966.159340739058,984,2,165.916,24795.353415627826
2775,,,,1631.0,1968.159340739058,1968.159340739058,985,2,165.882,22203.065319904945
2776,,,,1632.0,1970.159340739058,1970.159340739058,986,2,165.865,11111.10566380405
2777,,,,1634.0,1972.159340739058,1972.159340739058,987,2,165.862,1962.655504885408
2782,,,,1636.0,1982.159340739058,1982.159340739058,992,2,165.857,3287.5995717501078
2783,,,,1635.0,1984.159340739058,1984.159340739058,993,2,165.815,27639.78406818845
2784,,,,1636.0,1986.159340739058,1986.159340739058,994,2,165.773,27660.637346034324
2785,,,,1636.0,1988.159340739058,1988.159340739058,995,2,165.728,29658.45643263699
2786,,,,1636.0,1990.159340739058,1990.159340739058,996,2,165.679,32318.08409518349
2787,,,,1638.0,1992.159340739058,1992.159340739058,997,2,165.634,29701.272944633085
2788,,,,1640.0,1994.159340739058,1994.159340739058,998,2,165.589,29723.014769284324
2789,,,,1643.0,1996.159340739058,1996.159340739058,999,2,165.55,25779.242109378232
2790,,,,1646.0,1998.159340739058,1998.159340739058,1000,2,165.51,26460.42525381644
2791,,,,1647.0,2000.159340739058,2000.159340739058,1001,2,165.475,23170.795878805842
2792,,,,1648.0,2002.159340739058,2002.159340739058,1002,2,165.457,11926.414709090695
2801,,,,1642.0,2020.159340739058,2020.159340739058,1011,2,165.423,22726.630970561673
2802,,,,1643.0,2022.159340739058,2022.159340739058,1012,2,165.379,29433.111586354575
2803,,,,1645.0,2024.159340739058,2024.159340739058,1013,2,165.339,26777.037154016263
2804,,,,1645.0,2026.159340739058,2026.159340739058,1014,2,165.297,28136.69123095423
2805,,,,1645.0,2028.159340739058,2028.159340739058,1015,2,165.248,32849.49853494942
2806,,,,1646.0,2030.159340739058,2030.159340739058,1016,2,165.203,30189.06829378692
2807,,,,1647.0,2032.159340739058,2032.159340739058,1017,2,165.163,26854.254110498645
2808,,,,1647.0,2034.159340739058,2034.159340739058,1018,2,165.123,26874.17408062737
2809,,,,1648.0,2036.159340739058,2036.159340739058,1019,2,165.081,28238.614275875865
2810,,,,1649.0,2038.159340739058,2038.159340739058,1020,2,165.042,26240.887765660635
2811,,,,1652.0,2040.159340739058,2040.159340739058,1021,2,165.004,25587.16433140275
2812,,,,1656.0,2042.159340739058,2042.159340739058,1022,2,164.966,25606.350071207547
2813,,,,1661.0,2044.159340739058,2044.159340739058,1023,2,164.929,24951.243991389267
2814,,,,1667.0,2046.159340739058,2046.159340739058,1024,2,164.903,17547.10951954783
2815,,,,1673.0,2048.159340739058,2048.159340739058,1025,2,164.891,8105.647939436669
2821,,,,1691.0,2060.159340739058,2060.159340739058,1031,2,164.864,18342.39177193706
2822,,,,1694.0,2062.159340739058,2062.159340739058,1032,2,164.829,23795.78248341756
2823,,,,1698.0,2064.159340739058,2064.159340739058,1033,2,164.797,21772.818779221758
2824,,,,1703.0,2066.159340739058,2066.159340739058,1034,2,164.759,25874.777892478265
2825,,,,1708.0,2068.159340739058,2068.159340739058,1035,2,164.719,27256.520130715508
2826,,,,1712.0,2070.159340739058,2070.159340739058,1036,2,164.686,22503.38764198409
2827,,,,1716.0,2072.159340739058,2072.159340739058,1037,2,164.667,12966.966011661912
2828,,,,1719.0,2074.159340739058,2074.159340739058,1038,2,164.663,2732.331582736008
2832,,,,1728.0,2082.159340739058,2082.159340739058,1042,2,164.634,19883.815908410128
2833,,,,1730.0,2084.159340739058,2084.159340739058,1043,2,164.591,29504.76643504197
2834,,,,1731.0,2086.159340739058,2086.159340739058,1044,2,164.553,26092.57954183972
2835,,,,1731.0,2088.159340739058,2088.159340739058,1045,2,164.512,28172.746291870033
2836,,,,1728.0,2090.159340739058,2090.159340739058,1046,2,164.465,32317.87442359868
2837,,,,1724.0,2092.159340739058,2092.159340739058,1047,2,164.418,32339.555101631293
2838,,,,1719.0,2094.159340739058,2094.159340739058,1048,2,164.375,29607.432081147916
2839,,,,1712.0,2096.159340739058,2096.159340739058,1049,2,164.335,27561.141475767945
2840,,,,1705.0,2098.159340739058,2098.159340739058,1050,2,164.298,25512.40274913289
2841,,,,1697.0,2100.159340739058,2100.159340739058,1051,2,164.26,26220.91780164018
2842,,,,1688.0,2103.159340739058,2103.159340739058,1052,2,164.219,28324.590760549425
2843,,,,1680.0,2105.159340739058,2105.159340739058,1053,2,164.182,25579.448008351996
2844,,,,1671.0,2107.159340739058,2107.159340739058,1054,2,164.14,29056.724300946513
2845,,,,1663.0,2109.159340739058,2109.159340739058,1055,2,164.097,29769.077784609875
2846,,,,1655.0,2111.159340739058,2111.159340739058,1056,2,164.054,29789.499099387504
2847,,,,1649.0,2113.159340739058,2113.159340739058,1057,2,164.011,29809.905622145452
2848,,,,1643.0,2115.159340739058,2115.159340739058,1058,2,163.973,26362.0600060803
2849,,,,1639.0,2117.159340739058,2117.159340739058,1059,2,163.934,27075.02334981606
2850,,,,1636.0,2119.159340739058,2119.159340739058,1060,2,163.893,28483.423617052777
2851,,,,1633.0,2121.159340739058,2121.159340739058,1061,2,163.852,28503.17409334921
2852,,,,1632.0,2123.159340739058,2123.159340739058,1062,2,163.807,31305.251989235923
2853,,,,1632.0,2125.159340739058,2125.159340739058,1063,2,163.764,29934.044527409704
2854,,,,1632.0,2127.159340739058,2127.159340739058,1064,2,163.722,29257.825962174495
2855,,,,1634.0,2129.159340739058,2129.159340739058,1065,2,163.678,30671.81779895834
2856,,,,1637.0,2131.159340739058,2131.159340739058,1066,2,163.634,30692.377149991
2857,,,,1639.0,2133.159340739058,2133.159340739058,1067,2,163.602,22337.488960822382
2858,,,,1642.0,2135.159340739058,2135.159340739058,1068,2,163.582,13971.799474814507
2859,,,,1645.0,2137.159340739058,2137.159340739058,1069,2,163.572,6991.802269595099
2862,,,,1654.0,2143.159340739058,2143.159340739058,1072,2,163.569,2103.3458696761913
2863,,,,1657.0,2145.159340739058,2145.159340739058,1073,2,163.538,21752.595730589266
2864,,,,1659.0,2147.159340739058,2147.159340739058,1074,2,163.498,28087.93608633191
2865,,,,1663.0,2149.159340739058,2149.159340739058,1075,2,163.455,30214.986039088762
2866,,,,1666.0,2151.159340739058,2151.159340739058,1076,2,163.416,27422.91258981298
2867,,,,1669.0,2153.159340739058,2153.159340739058,1077,2,163.376,28145.40989114633
2868,,,,1671.0,2155.159340739058,2155.159340739058,1078,2,163.333,30276.727981305707
2869,,,,1673.0,2157.159340739058,2157.159340739058,1079,2,163.288,31705.809346410122
2870,,,,1676.0,2159.159340739058,2159.159340739058,1080,2,163.242,32431.393778464717
2871,,,,1680.0,2161.159340739058,2161.159340739058,1081,2,163.202,28219.899993123225
2872,,,,1684.0,2163.159340739058,2163.159340739058,1082,2,163.172,21179.96900023188
2873,,,,1689.0,2165.159340739058,2165.159340739058,1083,2,163.158,9891.790267294342
2877,,,,1703.0,2173.159340739058,2173.159340739058,1087,2,163.144,9927.487348812645
2878,,,,1706.0,2175.159340739058,2175.159340739058,1088,2,163.104,28385.6553838918
2879,,,,1710.0,2177.159340739058,2177.159340739058,1089,2,163.062,29824.844848323944
2880,,,,1714.0,2179.159340739058,2179.159340739058,1090,2,163.034,19897.224042588245
2881,,,,1718.0,2181.159340739058,2181.159340739058,1091,2,163.02,9956.46018758156
2886,,,,1738.0,2191.159340739058,2191.159340739058,1096,2,162.992,20001.638691818902
2887,,,,1742.0,2193.159340739058,2193.159340739058,1097,2,162.95,30023.395157246276
2888,,,,1746.0,2195.159340739058,2195.159340739058,1098,2,162.908,30043.02976309215
2889,,,,1749.0,2197.159340739058,2197.159340739058,1099,2,162.87,27199.87467686444
2890,,,,1754.0,2199.159340739058,2199.159340739058,1100,2,162.85,14326.203609317847
2891,,,,1757.0,2201.159340739058,2201.159340739058,1101,2,162.84,7168.955856846517
2896,,,,1768.0,2211.159340739058,2211.159340739058,1106,2,162.809,22321.916672726595
2897,,,,1771.0,2213.159340739058,2213.159340739058,1107,2,162.762,33865.403487014395
2898,,,,1775.0,2215.159340739058,2215.159340739058,1108,2,162.716,33165.33906762751
2899,,,,1779.0,2217.159340739058,2217.159340739058,1109,2,162.669,33907.22842805765
2900,,,,1782.0,2219.159340739058,2219.159340739058,1110,2,162.625,31762.685617808373
2901,,,,1785.0,2221.159340739058,2221.159340739058,1111,2,162.579,33227.17550329683
2902,,,,1788.0,2223.159340739058,2223.159340739058,1112,2,162.532,33970.35715206761
2903,,,,1790.0,2225.159340739058,2225.159340739058,1113,2,162.488,31821.736712796435
2904,,,,1792.0,2227.159340739058,2227.159340739058,1114,2,162.442,33288.86069096614
2905,,,,1792.0,2229.159340739058,2229.159340739058,1115,2,162.396,33309.32044865671
2906,,,,1793.0,2231.159340739058,2231.159340739058,1116,2,162.349,34054.218485088204
2907,,,,1794.0,2233.159340739058,2233.159340739058,1117,2,162.304,32625.084575194014
2908,,,,1795.0,2235.159340739058,2235.159340739058,1118,2,162.259,32645.250949884634
2909,,,,1796.0,2237.159340739058,2237.159340739058,1119,2,162.212,34116.98643709817
2910,,,,1796.0,2239.159340739058,2239.159340739058,1120,2,162.164,34863.818414956804
2911,,,,1795.0,2241.159340739058,2241.159340739058,1121,2,162.116,34884.63124869403
2912,,,,1793.0,2243.159340739058,2243.159340739058,1122,2,162.065,37086.671550258296
2913,,,,1790.0,2245.159340739058,2245.159340739058,1123,2,162.013,37835.55093905223
2914,,,,1788.0,2247.159340739058,2247.159340739058,1124,2,161.965,34945.44906691133
2915,,,,1784.0,2249.159340739058,2249.159340739058,1125,2,161.915,36422.88636393658
2916,,,,1780.0,2251.159340739058,2251.159340739058,1126,2,161.866,35715.2485026719
2917,,,,1777.0,2253.159340739058,2253.159340739058,1127,2,161.818,35006.958146294826
2918,,,,1775.0,2255.159340739058,2255.159340739058,1128,2,161.771,34298.0035278079
2919,,,,1772.0,2257.159340739058,2257.159340739058,1129,2,161.726,32858.292386288704
2920,,,,1768.0,2259.159340739058,2259.159340739058,1130,2,161.678,35069.81603675529
2921,,,,1763.0,2261.159340739058,2261.159340739058,1131,2,161.629,35821.38350584463
2922,,,,1758.0,2263.159340739058,2263.159340739058,1132,2,161.578,37304.9159931457
2923,,,,1753.0,2265.159340739058,2265.159340739058,1133,2,161.531,34398.98836306008
2924,,,,1750.0,2267.159340739058,2267.159340739058,1134,2,161.482,35883.775066381946
2925,,,,1747.0,2269.159340739058,2269.159340739058,1135,2,161.438,32241.30510971225
2926,,,,1745.0,2271.159340739058,2271.159340739058,1136,2,161.393,32994.02885084671
2927,,,,1744.0,2273.159340739058,2273.159340739058,1137,2,161.354,28612.558952065498
2928,,,,1743.0,2275.159340739058,2275.159340739058,1138,2,161.315,28630.81218337183
2929,,,,1741.0,2277.159340739058,2277.159340739058,1139,2,161.269,33790.45776355086
2930,,,,1739.0,2279.159340739058,2279.159340739058,1140,2,161.22,36015.18701514915
2931,,,,1738.0,2281.159340739058,2281.159340739058,1141,2,161.178,30888.530783695984
2932,,,,1737.0,2283.159340739058,2283.159340739058,1142,2,161.134,32379.144751028834
2933,,,,1735.0,2285.159340739058,2285.159340739058,1143,2,161.092,30926.185656597558
2934,,,,1732.0,2287.159340739058,2287.159340739058,1144,2,161.045,34628.59648175868
2935,,,,1727.0,2289.159340739058,2289.159340739058,1145,2,160.998,34648.76385377035
2936,,,,1723.0,2291.159340739058,2291.159340739058,1146,2,160.951,34668.913553802966
2937,,,,1717.0,2293.159340739058,2293.159340739058,1147,2,160.904,34689.045581835584
2938,,,,1711.0,2295.159340739058,2295.159340739058,1148,2,160.857,34709.15993786819
2939,,,,1706.0,2297.159340739058,2297.159340739058,1149,2,160.807,36945.67310898282
2940,,,,1700.0,2299.159340739058,2299.159340739058,1150,2,160.759,35487.91068307794
2941,,,,1694.0,2301.159340739058,2301.159340739058,1151,2,160.705,39945.95386079288
2942,,,,1689.0,2303.159340739058,2303.159340739058,1152,2,160.653,38487.21132991903
2943,,,,1684.0,2305.159340739058,2305.159340739058,1153,2,160.606,34805.99967838279
2944,,,,1680.0,2307.159340739058,2307.159340739058,1154,2,160.562,32603.37305043239
2945,,,,1676.0,2309.159340739058,2309.159340739058,1155,2,160.51,38553.13320820359
2946,,,,1672.0,2311.159340739058,2311.159340739058,1156,2,160.456,40057.39272382275
2947,,,,1669.0,2313.159340739058,2313.159340739058,1157,2,160.408,35626.058817932404
2948,,,,1667.0,2315.159340739058,2315.159340739058,1158,2,160.357,37873.72638253124
2949,,,,1665.0,2317.159340739058,2317.159340739058,1159,2,160.308,36408.563099911305
2950,,,,1662.0,2319.159340739058,2319.159340739058,1160,2,160.257,37915.50701725569
2951,,,,1661.0,2321.159340739058,2321.159340739058,1161,2,160.205,38679.854961894256
2952,,,,1661.0,2323.159340739058,2323.159340739058,1162,2,160.156,36468.23282837167
2953,,,,1660.0,2325.159340739058,2325.159340739058,1163,2,160.108,35743.91189291913
2954,,,,1659.0,2327.159340739058,2327.159340739058,1164,2,160.06,35763.933686677
2955,,,,1658.0,2329.159340739058,2329.159340739058,1165,2,160.013,35038.547830411306
2956,,,,1657.0,2331.159340739058,2331.159340739058,1166,2,159.967,34312.52082907969
2957,,,,1655.0,2333.159340739058,2333.159340739058,1167,2,159.921,34332.085058770885
2958,,,,1655.0,2335.159340739058,2335.159340739058,1168,2,159.877,32858.28862137254
2959,,,,1655.0,2337.159340739058,2337.159340739058,1169,2,159.837,29888.902458617176
2960,,,,1654.0,2339.159340739058,2339.159340739058,1170,2,159.796,30654.573219893955
2961,,,,1653.0,2341.159340739058,2341.159340739058,1171,2,159.752,32916.96254062439
2962,,,,1651.0,2343.159340739058,2343.159340739058,1172,2,159.706,34432.885847011115
2963,,,,1648.0,2345.159340739058,2345.159340739058,1173,2,159.663,32205.761320160644
2964,,,,1645.0,2347.159340739058,2347.159340739058,1174,2,159.618,33723.15216618475
2965,,,,1641.0,2349.159340739058,2349.159340739058,1175,2,159.574,32992.646204711025
2966,,,,1637.0,2351.159340739058,2351.159340739058,1176,2,159.528,34511.943805647206
2967,,,,1632.0,2353.159340739058,2353.159340739058,1177,2,159.485,32279.602092972575
2968,,,,1626.0,2355.159340739058,2355.159340739058,1178,2,159.441,33049.34810780834
2969,,,,1621.0,2357.159340739058,2357.159340739058,1179,2,159.393,36074.04197977081
2970,,,,1616.0,2359.159340739058,2359.159340739058,1180,2,159.346,35341.93618806563
2971,,,,1612.0,2361.159340739058,2361.159340739058,1181,2,159.298,36113.724334583276
2972,,,,1608.0,2363.159340739058,2363.159340739058,1182,2,159.249,36886.08860721079
2973,,,,1604.0,2365.159340739058,2365.159340739058,1183,2,159.204,33893.64393912746
2974,,,,1600.0,2367.159340739058,2367.159340739058,1184,2,159.157,35419.72709921805
2975,,,,1595.0,2369.159340739058,2369.159340739058,1185,2,159.112,33931.348839807564
2976,,,,1591.0,2371.159340739058,2371.159340739058,1186,2,159.066,34704.733889007075
2977,,,,1587.0,2373.159340739058,2373.159340739058,1187,2,159.021,33969.201084806926
2978,,,,1585.0,2375.159340739058,2375.159340739058,1188,2,158.978,32477.826693397565
2979,,,,1583.0,2377.159340739058,2377.159340739058,1189,2,158.938,30229.479558831397
2980,,,,1583.0,2379.159340739058,2379.159340739058,1190,2,158.901,27979.016150926123
2981,,,,1584.0,2381.159340739058,2381.159340739058,1191,2,158.871,22699.972980760816
2982,,,,1585.0,2383.159340739058,2383.159340739058,1192,2,158.844,20443.467688470097
2983,,,,1586.0,2385.159340739058,2385.159340739058,1193,2,158.815,21972.352599572267
2984,,,,1588.0,2387.159340739058,2387.159340739058,1194,2,158.788,20470.56213860217
2985,,,,1591.0,2389.159340739058,2389.159340739058,1195,2,158.763,18966.998445280027
2986,,,,1594.0,2391.159340739058,2391.159340739058,1196,2,158.745,13665.8199592693
2987,,,,1597.0,2393.159340739058,2393.159340739058,1197,2,158.736,6838.043585925648
2988,,,,1599.0,2395.159340739058,2395.159340739058,1198,2,158.734,1520.7824717945073
2995,,,,1606.0,2409.159340739058,2409.159340739058,1205,2,158.711,17589.83849917798
2996,,,,1605.0,2411.159340739058,2411.159340739058,1206,2,158.664,35966.35970107123
2997,,,,1604.0,2413.159340739058,2413.159340739058,1207,2,158.61,41344.166700356574
2998,,,,1604.0,2415.159340739058,2415.159340739058,1208,2,158.556,41364.347083103145
2999,,,,1603.0,2417.159340739058,2417.159340739058,1209,2,158.502,41384.50413782796
3000,,,,1602.0,2419.159340739058,2419.159340739058,1210,2,158.448,41404.637864552766
3001,,,,1602.0,2421.159340739058,2421.159340739058,1211,2,158.393,42191.740067355946
3002,,,,1603.0,2423.159340739058,2423.159340739058,1212,2,158.341,39909.84143273577
3003,,,,1603.0,2425.159340739058,2425.159340739058,1213,2,158.286,42232.90096191545
3004,,,,1603.0,2427.159340739058,2427.159340739058,1214,2,158.234,39948.71267559202
3005,,,,1604.0,2429.159340739058,2429.159340739058,1215,2,158.181,40736.9899983952
3006,,,,1607.0,2431.159340739058,2431.159340739058,1216,2,158.129,39988.000575613
3007,,,,1609.0,2433.159340739058,2433.159340739058,1217,2,158.081,36930.687126486075
3008,,,,1613.0,2435.159340739058,2435.159340739058,1218,2,158.035,35410.47018721917
3009,,,,1615.0,2437.159340739058,2437.159340739058,1219,2,157.996,30038.498240901296
3010,,,,1618.0,2439.159340739058,2439.159340739058,1220,2,157.955,31596.848147497236
3011,,,,1619.0,2441.159340739058,2441.159340739058,1221,2,157.918,28530.564004183667
3012,,,,1620.0,2443.159340739058,2443.159340739058,1222,2,157.886,24689.903758176482
3013,,,,1620.0,2445.159340739058,2445.159340739058,1223,2,157.865,16213.291646941307
3014,,,,1620.0,2447.159340739058,2447.159340739058,1224,2,157.84,19314.510991705
3015,,,,1622.0,2449.159340739058,2449.159340739058,1225,2,157.8,30922.1061724289
3016,,,,1625.0,2451.159340739058,2451.159340739058,1226,2,157.757,33259.66098768551
3017,,,,1628.0,2453.159340739058,2453.159340739058,1227,2,157.709,37146.64150010962
3018,,,,1630.0,2455.159340739058,2455.159340739058,1228,2,157.662,36391.44465306393
3019,,,,1632.0,2457.159340739058,2457.159340739058,1229,2,157.613,37959.36464642893
3020,,,,1633.0,2459.159340739058,2459.159340739058,1230,2,157.56,41078.21322563169
3021,,,,1634.0,2461.159340739058,2461.159340739058,1231,2,157.509,39547.18562870554
3022,,,,1636.0,2463.159340739058,2463.159340739058,1232,2,157.462,36463.71675345803
3023,,,,1638.0,2465.159340739058,2465.159340739058,1233,2,157.419,33377.969049946856
3024,,,,1639.0,2467.159340739058,2467.159340739058,1234,2,157.372,36502.05913343538
3025,,,,1641.0,2469.159340739058,2469.159340739058,1235,2,157.326,35743.81728576348
3026,,,,1643.0,2471.159340739058,2471.159340739058,1236,2,157.286,31098.25530033767
3027,,,,1647.0,2473.159340739058,2473.159340739058,1237,2,157.249,28782.12140986108
3028,,,,1652.0,2475.159340739058,2475.159340739058,1238,2,157.216,25685.58240881167
3029,,,,1658.0,2477.159340739058,2477.159340739058,1239,2,157.187,22585.963517982247
3030,,,,1664.0,2479.159340739058,2479.159340739058,1240,2,157.167,15586.673107981691
3031,,,,1669.0,2481.159340739058,2481.159340739058,1241,2,157.158,7019.013688011588
3039,,,,1693.0,2497.159340739058,2497.159340739058,1249,2,157.125,25898.886059811106
3040,,,,1696.0,2499.159340739058,2499.159340739058,1250,2,157.088,29054.92909547556
3041,,,,1700.0,2501.159340739058,2501.159340739058,1251,2,157.052,28285.711030792707
3042,,,,1704.0,2503.159340739058,2503.159340739058,1252,2,157.021,24371.417672346728
3043,,,,1709.0,2505.159340739058,2505.159340739058,1253,2,156.997,18879.963020623098
3044,,,,1714.0,2507.159340739058,2507.159340739058,1254,2,156.976,16530.78713349896
3045,,,,1720.0,2509.159340739058,2509.159340739058,1255,2,156.952,18904.68896446946
3046,,,,1725.0,2511.159340739058,2511.159340739058,1256,2,156.926,20493.139460373088
3047,,,,1729.0,2513.159340739058,2513.159340739058,1257,2,156.9,20506.063324921997
3048,,,,1734.0,2515.159340739058,2515.159340739058,1258,2,156.88,15784.133958750106
3049,,,,1740.0,2517.159340739058,2517.159340739058,1259,2,156.871,7107.851342835027
3057,,,,1779.0,2533.159340739058,2533.159340739058,1267,2,156.845,20662.008009229965
3058,,,,1782.0,2535.159340739058,2535.159340739058,1268,2,156.801,34986.27380976833
3059,,,,1785.0,2537.159340739058,2537.159340739058,1269,2,156.765,28640.408610175684
3060,,,,1788.0,2539.159340739058,2539.159340739058,1270,2,156.742,18309.01723104976
3061,,,,1792.0,2541.159340739058,2541.159340739058,1271,2,156.731,8762.433262211
3066,,,,1814.0,2551.159340739058,2551.159340739058,1276,2,156.703,22389.362150539037
3067,,,,1819.0,2553.159340739058,2553.159340739058,1277,2,156.66,34402.823831161666
3068,,,,1823.0,2555.159340739058,2555.159340739058,1278,2,156.616,35220.68429567841
3069,,,,1828.0,2557.159340739058,2557.159340739058,1279,2,156.573,34437.589600974265
3070,,,,1833.0,2559.159340739058,2559.159340739058,1280,2,156.539,27244.318982930803
3071,,,,1839.0,2561.159340739058,2561.159340739058,1281,2,156.515,19242.748230138128
3072,,,,1844.0,2563.159340739058,2563.159340739058,1282,2,156.507,6418.602105239612
3076,,,,1864.0,2571.159340739058,2571.159340739058,1286,2,156.501,4828.76065755649
3077,,,,1869.0,2573.159340739058,2573.159340739058,1287,2,156.466,28185.98857875508
3078,,,,1873.0,2575.159340739058,2575.159340739058,1288,2,156.426,32229.8702577175
3079,,,,1877.0,2577.159340739058,2577.159340739058,1289,2,156.396,24185.76417866112
3080,,,,1881.0,2579.159340739058,2579.159340739058,1290,2,156.387,7260.454764658273
3085,,,,1898.0,2589.159340739058,2589.159340739058,1295,2,156.385,1619.6330906510066
3086,,,,1901.0,2591.159340739058,2591.159340739058,1296,2,156.348,29982.618261953812
3087,,,,1904.0,2593.159340739058,2593.159340739058,1297,2,156.307,33241.333580850034
3088,,,,1908.0,2595.159340739058,2595.159340739058,1298,2,156.274,26769.517562278816
3089,,,,1911.0,2597.159340739058,2597.159340739058,1299,2,156.256,14610.423757701754
3090,,,,1914.0,2599.159340739058,2599.159340739058,1300,2,156.252,3249.032349015154
3095,,,,1928.0,2609.159340739058,2609.159340739058,1305,2,156.236,13045.29574511781
3096,,,,1931.0,2611.159340739058,2611.159340739058,1306,2,156.193,35079.48177169582
3097,,,,1934.0,2613.159340739058,2613.159340739058,1307,2,156.149,35912.77425143432
3098,,,,1936.0,2615.159340739058,2615.159340739058,1308,2,156.099,40828.91369136375
3099,,,,1938.0,2617.159340739058,2617.159340739058,1309,2,156.048,41663.86027340738
3100,,,,1938.0,2619.159340739058,2619.159340739058,1310,2,156.003,36779.00811467638
3101,,,,1937.0,2621.159340739058,2621.159340739058,1311,2,155.959,35978.89285123394
3102,,,,1935.0,2623.159340739058,2623.159340739058,1312,2,155.915,35996.18863428984
3103,,,,1931.0,2625.159340739058,2625.159340739058,1313,2,155.868,38468.56257247893
3104,,,,1927.0,2627.159340739058,2627.159340739058,1314,2,155.821,38486.26338451154
3105,,,,1924.0,2629.159340739058,2629.159340739058,1315,2,155.775,37684.83456109233
3106,,,,1920.0,2631.159340739058,2631.159340739058,1316,2,155.729,37702.36632676232
3107,,,,1915.0,2633.159340739058,2633.159340739058,1317,2,155.681,39359.62321437989
3108,,,,1909.0,2635.159340739058,2635.159340739058,1318,2,155.629,42658.27562702192
3109,,,,1904.0,2637.159340739058,2637.159340739058,1319,2,155.581,39394.09720470879
3110,,,,1899.0,2639.159340739058,2639.159340739058,1320,2,155.535,37769.8960828488
3111,,,,1892.0,2641.159340739058,2641.159340739058,1321,2,155.485,41072.66890781908
3112,,,,1886.0,2643.159340739058,2643.159340739058,1322,2,155.435,41090.55511113874
3113,,,,1881.0,2645.159340739058,2645.159340739058,1323,2,155.384,41930.45483760111
3114,,,,1875.0,2647.159340739058,2647.159340739058,1324,2,155.335,40303.61245654191
3115,,,,1870.0,2649.159340739058,2649.159340739058,1325,2,155.285,41144.09372102766
3116,,,,1865.0,2651.159340739058,2651.159340739058,1326,2,155.236,40338.791832641444
3117,,,,1860.0,2653.159340739058,2653.159340739058,1327,2,155.186,41179.95144353095
3118,,,,1855.0,2655.159340739058,2655.159340739058,1328,2,155.137,40373.8935927176
3119,,,,1850.0,2657.159340739058,2657.159340739058,1329,2,155.087,41215.729966081046
3120,,,,1845.0,2659.159340739058,2659.159340739058,1330,2,155.034,43707.04115719262
3121,,,,1840.0,2661.159340739058,2661.159340739058,1331,2,154.981,43724.963590016356
3122,,,,1836.0,2663.159340739058,2663.159340739058,1332,2,154.927,44568.056788368725
3123,,,,1834.0,2665.159340739058,2665.159340739058,1333,2,154.875,42934.92809213517
3124,,,,1833.0,2667.159340739058,2667.159340739058,1334,2,154.824,42126.845614034675
3125,,,,1832.0,2669.159340739058,2669.159340739058,1335,2,154.773,42144.54994516764
3126,,,,1831.0,2671.159340739058,2671.159340739058,1336,2,154.724,40509.07432156054
3127,,,,1828.0,2673.159340739058,2673.159340739058,1337,2,154.668,46315.030425982644
3128,,,,1828.0,2675.159340739058,2675.159340739058,1338,2,154.61,47987.339973929455
3129,,,,1828.0,2677.159340739058,2677.159340739058,1339,2,154.554,46350.152263543605
3130,,,,1827.0,2679.159340739058,2679.159340739058,1340,2,154.5,44712.26518821121
3131,,,,1826.0,2681.159340739058,2681.159340739058,1341,2,154.445,45558.1924888602
3132,,,,1825.0,2683.159340739058,2683.159340739058,1342,2,154.394,42261.87662934983
3133,,,,1824.0,2685.159340739058,2685.159340739058,1343,2,154.341,43937.14146034061
3134,,,,1822.0,2687.159340739058,2687.159340739058,1344,2,154.288,43954.77090916434
3135,,,,1819.0,2689.159340739058,2689.159340739058,1345,2,154.233,45631.41709303418
3136,,,,1817.0,2691.159340739058,2691.159340739058,1346,2,154.18,43989.39186503155
3137,,,,1816.0,2693.159340739058,2693.159340739058,1347,2,154.128,43176.7736412954
3138,,,,1816.0,2695.159340739058,2695.159340739058,1348,2,154.077,42363.740815226345
3139,,,,1815.0,2697.159340739058,2697.159340739058,1349,2,154.028,40719.40565524744
3140,,,,1816.0,2699.159340739058,2699.159340739058,1350,2,153.98,39905.408170674586
3141,,,,1816.0,2701.159340739058,2701.159340739058,1351,2,153.935,37427.736528154615
3142,,,,1818.0,2703.159340739058,2703.159340739058,1352,2,153.889,38276.47676156192
3143,,,,1819.0,2705.159340739058,2705.159340739058,1353,2,153.843,38293.34833525556
3144,,,,1819.0,2707.159340739058,2707.159340739058,1354,2,153.794,40808.29652722196
3145,,,,1818.0,2709.159340739058,2709.159340739058,1355,2,153.746,39992.39345524423
3146,,,,1817.0,2711.159340739058,2711.159340739058,1356,2,153.697,40842.821098552566
3147,,,,1815.0,2713.159340739058,2713.159340739058,1357,2,153.648,40859.92192139834
3148,,,,1813.0,2715.159340739058,2715.159340739058,1358,2,153.596,43379.253657267356
3149,,,,1810.0,2717.159340739058,2717.159340739058,1359,2,153.543,44230.91694602616
3150,,,,1809.0,2719.159340739058,2719.159340739058,1360,2,153.496,39239.73434659297
3151,,,,1806.0,2721.159340739058,2721.159340739058,1361,2,153.446,41761.90451826589
3152,,,,1803.0,2723.159340739058,2723.159340739058,1362,2,153.398,40108.08502798882
3153,,,,1801.0,2725.159340739058,2725.159340739058,1363,2,153.348,41796.5863567029
3154,,,,1798.0,2727.159340739058,2727.159340739058,1364,2,153.298,41813.625160022966
3155,,,,1795.0,2729.159340739058,2729.159340739058,1365,2,153.249,40994.164812856776
3156,,,,1792.0,2731.159340739058,2731.159340739058,1366,2,153.198,42684.734911054285
3157,,,,1787.0,2733.159340739058,2733.159340739058,1367,2,153.146,43538.92218414454
3158,,,,1782.0,2735.159340739058,2735.159340739058,1368,2,153.094,43555.99021840603
3159,,,,1776.0,2737.159340739058,2737.159340739058,1369,2,153.04,45248.62703136349
3160,,,,1771.0,2739.159340739058,2739.159340739058,1370,2,152.989,42751.371888228394
3161,,,,1767.0,2741.159340739058,2741.159340739058,1371,2,152.937,43606.77944869043
3162,,,,1764.0,2743.159340739058,2743.159340739058,1372,2,152.89,39429.81300993094
3163,,,,1762.0,2745.159340739058,2745.159340739058,1373,2,152.84,41963.87826219329
3164,,,,1761.0,2747.159340739058,2747.159340739058,1374,2,152.794,38622.76370557581
3165,,,,1761.0,2749.159340739058,2749.159340739058,1375,2,152.748,38639.24759126967
3166,,,,1762.0,2751.159340739058,2751.159340739058,1376,2,152.704,36975.273409672256
3167,,,,1764.0,2753.159340739058,2753.159340739058,1377,2,152.662,35310.29272025451
3168,,,,1766.0,2755.159340739058,2755.159340739058,1378,2,152.628,28598.16823458074
3169,,,,1770.0,2757.159340739058,2757.159340739058,1379,2,152.605,19356.248392188256
3170,,,,1773.0,2759.159340739058,2759.159340739058,1380,2,152.596,7578.883709564431
3176,,,,1779.0,2771.159340739058,2771.159340739058,1386,2,152.568,23678.425933597115
3177,,,,1781.0,2773.159340739058,2773.159340739058,1387,2,152.531,31305.26124291059
3178,,,,1782.0,2775.159340739058,2775.159340739058,1388,2,152.493,32166.627704493672
3179,,,,1783.0,2777.159340739058,2777.159340739058,1389,2,152.455,32181.789092293555
3180,,,,1785.0,2779.159340739058,2779.159340739058,1390,2,152.419,30502.56329454642
3181,,,,1787.0,2781.159340739058,2781.159340739058,1391,2,152.388,26279.221890357163
3182,,,,1789.0,2783.159340739058,2783.159340739058,1392,2,152.36,23748.542797596165
3183,,,,1790.0,2785.159340739058,2785.159340739058,1393,2,152.333,22912.700985223684
3184,,,,1791.0,2787.159340739058,2787.159340739058,1394,2,152.306,22925.09072888076
3185,,,,1793.0,2789.159340739058,2789.159340739058,1395,2,152.278,23786.932641927622
3186,,,,1795.0,2791.159340739058,2791.159340739058,1396,2,152.251,22949.701997638753
3187,,,,1799.0,2793.159340739058,2793.159340739058,1397,2,152.216,29764.869574885055
3188,,,,1803.0,2795.159340739058,2795.159340739058,1398,2,152.178,32331.52982987643
3189,,,,1807.0,2797.159340739058,2797.159340739058,1399,2,152.143,29793.201470653876
3190,,,,1811.0,2799.159340739058,2799.159340739058,1400,2,152.121,18737.035188306472
3191,,,,1815.0,2801.159340739058,2801.159340739058,1401,2,152.12,852.227518989861
3195,,,,1830.0,2809.159340739058,2809.159340739058,1405,2,152.111,7691.700198543896
3196,,,,1833.0,2811.159340739058,2811.159340739058,1406,2,152.083,23943.85852590256
3197,,,,1835.0,2813.159340739058,2813.159340739058,1407,2,152.048,29944.913721037945
3198,,,,1837.0,2815.159340739058,2815.159340739058,1408,2,152.008,34238.64354030339
3199,,,,1838.0,2817.159340739058,2817.159340739058,1409,2,151.961,40247.468059317674
3200,,,,1840.0,2819.159340739058,2819.159340739058,1410,2,151.915,39407.043736033134
3201,,,,1841.0,2821.159340739058,2821.159340739058,1411,2,151.869,39423.06118167877
3202,,,,1842.0,2823.159340739058,2823.159340739058,1412,2,151.822,40296.29991737157
3203,,,,1843.0,2825.159340739058,2825.159340739058,1413,2,151.779,36882.01164333736
3204,,,,1845.0,2827.159340739058,2827.159340739058,1414,2,151.738,35181.72778654423
3205,,,,1845.0,2829.159340739058,2829.159340739058,1415,2,151.695,36913.79316825987
3206,,,,1846.0,2831.159340739058,2831.159340739058,1416,2,151.648,40364.181291194436
3207,,,,1848.0,2833.159340739058,2833.159340739058,1417,2,151.601,40380.17863522705
3208,,,,1851.0,2835.159340739058,2835.159340739058,1418,2,151.555,39536.795994643486
3209,,,,1852.0,2837.159340739058,2837.159340739058,1419,2,151.507,41272.088837908464
3210,,,,1853.0,2839.159340739058,2839.159340739058,1420,2,151.456,43868.171798778574
3211,,,,1852.0,2841.159340739058,2841.159340739058,1421,2,151.406,43023.96001273095
3212,,,,1851.0,2843.159340739058,2843.159340739058,1422,2,151.351,47343.25158883329
3213,,,,1849.0,2845.159340739058,2845.159340739058,1423,2,151.294,49081.17517463404
3214,,,,1847.0,2847.159340739058,2847.159340739058,1424,2,151.245,42207.46024961052
3215,,,,1845.0,2849.159340739058,2849.159340739058,1425,2,151.2,38777.12985645581
3216,,,,1842.0,2851.159340739058,2851.159340739058,1426,2,151.156,37930.86587963904
3217,,,,1838.0,2853.159340739058,2853.159340739058,1427,2,151.109,40533.279782036545
3218,,,,1833.0,2855.159340739058,2855.159340739058,1428,2,151.063,39686.46358226877
3219,,,,1830.0,2857.159340739058,2857.159340739058,1429,2,151.024,33661.31705685676
3220,,,,1827.0,2859.159340739058,2859.159340739058,1430,2,150.987,31949.410151275213
3221,,,,1826.0,2861.159340739058,2861.159340739058,1431,2,150.952,30236.345656416415
3222,,,,1826.0,2863.159340739058,2863.159340739058,1432,2,150.919,28522.057520480725
3223,,,,1828.0,2865.159340739058,2865.159340739058,1433,2,150.889,25941.84030929419
3224,,,,1830.0,2867.159340739058,2867.159340739058,1434,2,150.859,25954.78790248086
3225,,,,1834.0,2869.159340739058,2869.159340739058,1435,2,150.827,27698.72655585576
3226,,,,1839.0,2871.159340739058,2871.159340739058,1436,2,150.792,30309.86732180013
3227,,,,1844.0,2873.159340739058,2873.159340739058,1437,2,150.755,32056.525449713423
3228,,,,1849.0,2875.159340739058,2875.159340739058,1438,2,150.712,37270.92342191252
3229,,,,1852.0,2877.159340739058,2877.159340739058,1439,2,150.667,39020.193222855996
3230,,,,1855.0,2879.159340739058,2879.159340739058,1440,2,150.619,41637.61925442915
3231,,,,1857.0,2881.159340739058,2881.159340739058,1441,2,150.573,39917.97863116369
3232,,,,1860.0,2883.159340739058,2883.159340739058,1442,2,150.534,33857.438924878326
3233,,,,1863.0,2885.159340739058,2885.159340739058,1443,2,150.503,26924.73108620511
3234,,,,1865.0,2887.159340739058,2887.159340739058,1444,2,150.471,27806.7166534117
3235,,,,1865.0,2889.159340739058,2889.159340739058,1445,2,150.447,20865.601211917172
3236,,,,1867.0,2891.159340739058,2891.159340739058,1446,2,150.436,9568.907655111732
3241,,,,1883.0,2901.159340739058,2901.159340739058,1451,2,150.43,5237.161237264983
3242,,,,1888.0,2903.159340739058,2903.159340739058,1452,2,150.39,34933.135715262804
3243,,,,1894.0,2905.159340739058,2905.159340739058,1453,2,150.343,41062.83234886593
3244,,,,1898.0,2907.159340739058,2907.159340739058,1454,2,150.302,35834.93971985347
3245,,,,1900.0,2909.159340739058,2909.159340739058,1455,2,150.277,21860.8051370051
3246,,,,1901.0,2911.159340739058,2911.159340739058,1456,2,150.268,7874.409456549646
3251,,,,1910.0,2921.159340739058,2921.159340739058,1461,2,150.245,20190.466210157487
3252,,,,1910.0,2923.159340739058,2923.159340739058,1462,2,150.198,41277.40980505165
3253,,,,1911.0,2925.159340739058,2925.159340739058,1463,2,150.14,50955.11735259403
3254,,,,1913.0,2927.159340739058,2927.159340739058,1464,2,150.089,44819.72420723728
3255,,,,1912.0,2929.159340739058,2929.159340739058,1465,2,150.041,42198.17246093024
3256,,,,1910.0,2931.159340739058,2931.159340739058,1466,2,149.99,44851.372076214495
3257,,,,1906.0,2933.159340739058,2933.159340739058,1467,2,149.938,45746.303966975975
3258,,,,1905.0,2935.159340739058,2935.159340739058,1468,2,149.885,46641.49878797314
3259,,,,1902.0,2937.159340739058,2937.159340739058,1469,2,149.829,49297.23538040008
3260,,,,1898.0,2939.159340739058,2939.159340739058,1470,2,149.775,47551.530336632175
3261,,,,1894.0,2941.159340739058,2941.159340739058,1471,2,149.719,49328.136233347206
3262,,,,1891.0,2943.159340739058,2943.159340739058,1472,2,149.663,49343.22006593705
3263,,,,1887.0,2945.159340739058,2945.159340739058,1473,2,149.61,46714.5535831906
3264,,,,1880.0,2947.159340739058,2947.159340739058,1474,2,149.555,48492.78082947703
3265,,,,1874.0,2949.159340739058,2949.159340739058,1475,2,149.5,48507.84656546556
3266,,,,1871.0,2951.159340739058,2951.159340739058,1476,2,149.447,46758.73226610131
3267,,,,1865.0,2953.159340739058,2953.159340739058,1477,2,149.392,48538.55513249758
3268,,,,1859.0,2955.159340739058,2955.159340739058,1478,2,149.34,45905.63432923171
3269,,,,1855.0,2957.159340739058,2957.159340739058,1479,2,149.282,51218.224525703954
3270,,,,1852.0,2959.159340739058,2959.159340739058,1480,2,149.227,48583.46326046318
3271,,,,1849.0,2961.159340739058,2961.159340739058,1481,2,149.172,48598.384236451704
3272,,,,1845.0,2963.159340739058,2963.159340739058,1482,2,149.118,47729.5631864507
3273,,,,1842.0,2965.159340739058,2965.159340739058,1483,2,149.065,46860.48570807609
3274,,,,1839.0,2967.159340739058,2967.159340739058,1484,2,149.012,46875.42360489982
3275,,,,1836.0,2969.159340739058,2969.159340739058,1485,2,148.96,46005.77004808569
3276,,,,1835.0,2971.159340739058,2971.159340739058,1486,2,148.912,42481.208406943595
3277,,,,1835.0,2973.159340739058,2973.159340739058,1487,2,148.863,43381.29361174591
3278,,,,1833.0,2975.159340739058,2975.159340739058,1488,2,148.814,43396.188846591685
3279,,,,1832.0,2977.159340739058,2977.159340739058,1489,2,148.764,44296.85611490726
3280,,,,1829.0,2979.159340739058,2979.159340739058,1490,2,148.715,43425.62973466784
3281,,,,1826.0,2981.159340739058,2981.159340739058,1491,2,148.663,46099.62252636893
3282,,,,1823.0,2983.159340739058,2983.159340739058,1492,2,148.61,47001.07451507225
3283,,,,1821.0,2985.159340739058,2985.159340739058,1493,2,148.555,48789.66815199577
3284,,,,1818.0,2987.159340739058,2987.159340739058,1494,2,148.502,47029.89939093946
3285,,,,1815.0,2989.159340739058,2989.159340739058,1495,2,148.449,47044.59433576319
3286,,,,1812.0,2991.159340739058,2991.159340739058,1496,2,148.396,47059.26680861215
3287,,,,1808.0,2993.159340739058,2993.159340739058,1497,2,148.344,46185.88534408055
3288,,,,1801.0,2995.159340739058,2995.159340739058,1498,2,148.292,46200.54848236583
3289,,,,1796.0,2997.159340739058,2997.159340739058,1499,2,148.237,48880.95641825673
3290,,,,1791.0,2999.159340739058,2999.159340739058,1500,2,148.185,46228.874125222086
3291,,,,1784.0,3001.159340739058,3001.159340739058,1501,2,148.133,46243.47174350737
3292,,,,1780.0,3003.159340739058,3003.159340739058,1502,2,148.079,48036.879070507704
3293,,,,1777.0,3005.159340739058,3005.159340739058,1503,2,148.03,43602.88163412405
3294,,,,1773.0,3007.159340739058,3007.159340739058,1504,2,147.982,42727.45203700242
3295,,,,1768.0,3009.159340739058,3009.159340739058,1505,2,147.934,42742.00298276029
3296,,,,1762.0,3011.159340739058,3011.159340739058,1506,2,147.884,44537.756692947456
3297,,,,1758.0,3013.159340739058,3013.159340739058,1507,2,147.831,47224.92996567004
3298,,,,1754.0,3015.159340739058,3015.159340739058,1508,2,147.78,45457.02766162495
3299,,,,1752.0,3017.159340739058,3017.159340739058,1509,2,147.73,44580.037839100085
3300,,,,1749.0,3019.159340739058,3019.159340739058,1510,2,147.682,42811.00315998913
3301,,,,1745.0,3021.159340739058,3021.159340739058,1511,2,147.637,40149.258990636146
3302,,,,1739.0,3023.159340739058,3023.159340739058,1512,2,147.587,44625.45966052752
3303,,,,1736.0,3025.159340739058,3025.159340739058,1513,2,147.534,47317.76663930489
3304,,,,1734.0,3027.159340739058,3027.159340739058,1514,2,147.485,43760.406555709815
3305,,,,1734.0,3029.159340739058,3029.159340739058,1515,2,147.44,40201.866835550216
3306,,,,1735.0,3031.159340739058,3031.159340739058,1516,2,147.397,38429.01084146139
3307,,,,1733.0,3033.159340739058,3033.159340739058,1517,2,147.356,36655.34542159239
3308,,,,1730.0,3035.159340739058,3035.159340739058,1518,2,147.312,39352.030635128
3309,,,,1725.0,3037.159340739058,3037.159340739058,1519,2,147.262,44733.408781953534
3310,,,,1720.0,3039.159340739058,3039.159340739058,1520,2,147.208,48326.82755764307
3311,,,,1719.0,3041.159340739058,3041.159340739058,1521,2,147.155,47445.85371195003
3312,,,,1717.0,3043.159340739058,3043.159340739058,1522,2,147.107,42983.33538838035
3313,,,,1714.0,3045.159340739058,3045.159340739058,1523,2,147.059,42997.55244613822
3314,,,,1712.0,3047.159340739058,3047.159340739058,1524,2,147.01,43907.679908423816
3315,,,,1708.0,3049.159340739058,3049.159340739058,1525,2,146.963,42129.41438712625
3316,,,,1703.0,3051.159340739058,3051.159340739058,1526,2,146.912,45729.63201423321
3317,,,,1697.0,3053.159340739058,3053.159340739058,1527,2,146.865,42156.55560727936
3318,,,,1692.0,3055.159340739058,3055.159340739058,1528,2,146.82,40376.45119433704
3319,,,,1686.0,3057.159340739058,3057.159340739058,1529,2,146.778,37698.18646113828
3320,,,,1682.0,3059.159340739058,3059.159340739058,1530,2,146.733,40405.361276673546
3321,,,,1677.0,3061.159340739058,3061.159340739058,1531,2,146.688,40419.37957136907
3322,,,,1670.0,3063.159340739058,3063.159340739058,1532,2,146.641,42230.13291420075
3323,,,,1667.0,3065.159340739058,3065.159340739058,1533,2,146.591,44940.14019016444
3324,,,,1665.0,3067.159340739058,3067.159340739058,1534,2,146.545,41358.361743335285
3325,,,,1666.0,3069.159340739058,3069.159340739058,1535,2,146.501,39573.814199298045
3326,,,,1669.0,3071.159340739058,3071.159340739058,1536,2,146.459,37788.527299443835
3327,,,,1673.0,3073.159340739058,3073.159340739058,1537,2,146.417,37802.29383328971
3328,,,,1678.0,3075.159340739058,3075.159340739058,1538,2,146.376,36915.790282970585
3329,,,,1679.0,3077.159340739058,3077.159340739058,1539,2,146.333,38730.62603914645
3330,,,,1684.0,3079.159340739058,3079.159340739058,1540,2,146.286,42347.964775000284
3331,,,,1690.0,3081.159340739058,3081.159340739058,1541,2,146.247,35152.29063154086
3332,,,,1695.0,3083.159340739058,3083.159340739058,1542,2,146.206,36968.847145786305
3333,,,,1702.0,3085.159340739058,3085.159340739058,1543,2,146.165,36982.45598605711
3334,,,,1710.0,3087.159340739058,3087.159340739058,1544,2,146.126,35191.60674368295
3335,,,,1718.0,3089.159340739058,3089.159340739058,1545,2,146.092,30692.070783883537
3336,,,,1726.0,3091.159340739058,3091.159340739058,1546,2,146.071,18965.570115848805
3337,,,,1735.0,3093.159340739058,3093.159340739058,1547,2,146.069,1807.271139615646
3343,,,,1794.0,3105.159340739058,3105.159340739058,1553,2,146.036,29932.074784465465
3344,,,,1803.0,3107.159340739058,3107.159340739058,1554,2,146.0,32666.485868355812
3345,,,,1811.0,3109.159340739058,3109.159340739058,1555,2,145.98,18156.24688618909
3346,,,,1819.0,3111.159340739058,3111.159340739058,1556,2,145.976,3633.286545930782
3350,,,,1847.0,3119.159340739058,3119.159340739058,1560,2,145.962,12748.415954642616
3351,,,,1853.0,3121.159340739058,3121.159340739058,1561,2,145.92,38262.42968913255
3352,,,,1859.0,3123.159340739058,3123.159340739058,1562,2,145.888,29163.61218886009
3353,,,,1864.0,3125.159340739058,3125.159340739058,1563,2,145.871,15500.487189605945
3358,,,,1886.0,3135.159340739058,3135.159340739058,1568,2,145.866,4573.209902941793
3359,,,,1890.0,3137.159340739058,3137.159340739058,1569,2,145.827,35688.40936356408
3360,,,,1893.0,3139.159340739058,3139.159340739058,1570,2,145.785,38447.49441420858
3361,,,,1894.0,3141.159340739058,3141.159340739058,1571,2,145.749,32967.17090074999
3362,,,,1895.0,3143.159340739058,3143.159340739058,1572,2,145.723,23819.716423444806
3363,,,,1897.0,3145.159340739058,3145.159340739058,1573,2,145.711,10999.276407707777
3364,,,,1900.0,3147.159340739058,3147.159340739058,1574,2,145.709,1834.290350165111
3370,,,,1919.0,3159.159340739058,3159.159340739058,1580,2,145.702,6444.296478513372
3371,,,,1921.0,3161.159340739058,3161.159340739058,1581,2,145.656,42367.3369071492
3372,,,,1923.0,3163.159340739058,3163.159340739058,1582,2,145.613,39617.201094768025
3373,,,,1925.0,3165.159340739058,3165.159340739058,1583,2,145.582,28572.035801027258
3374,,,,1928.0,3167.159340739058,3167.159340739058,1584,2,145.567,13831.72912343996
3381,,,,1946.0,3181.159340739058,3181.159340739058,1591,2,145.552,13891.438891762893
3382,,,,1947.0,3183.159340739058,3183.159340739058,1592,2,145.51,38912.86240943752
3383,,,,1948.0,3185.159340739058,3185.159340739058,1593,2,145.465,41706.07826270804
3384,,,,1949.0,3187.159340739058,3187.159340739058,1594,2,145.419,42646.30825288368
3385,,,,1950.0,3189.159340739058,3189.159340739058,1595,2,145.376,39877.83839108512
3386,,,,1951.0,3191.159340739058,3191.159340739058,1596,2,145.335,38035.91004732633
3387,,,,1952.0,3193.159340739058,3193.159340739058,1597,2,145.306,26913.8276945971
3388,,,,1954.0,3195.159340739058,3195.159340739058,1598,2,145.288,16712.894402329697
3389,,,,1955.0,3197.159340739058,3197.159340739058,1599,2,145.282,5573.9915378315
3396,,,,1967.0,3211.159340739058,3211.159340739058,1606,2,145.245,34518.35412212089
3397,,,,1968.0,3213.159340739058,3213.159340739058,1607,2,145.2,41996.07291245786
3398,,,,1969.0,3215.159340739058,3215.159340739058,1608,2,145.154,42942.58126015641
3399,,,,1970.0,3217.159340739058,3217.159340739058,1609,2,145.117,34552.378182845416
3400,,,,1970.0,3219.159340739058,3219.159340739058,1610,2,145.089,26158.141957870674
3401,,,,1969.0,3221.159340739058,3221.159340739058,1611,2,145.069,18692.903039812834
3402,,,,1970.0,3223.159340739058,3223.159340739058,1612,2,145.044,23377.010645474496
3403,,,,1972.0,3225.159340739058,3225.159340739058,1613,2,145.019,23387.48484632515
3404,,,,1974.0,3227.159340739058,3227.159340739058,1614,2,144.995,22462.11333708318
3405,,,,1978.0,3229.159340739058,3229.159340739058,1615,2,144.98,14045.632197475963
3406,,,,1981.0,3231.159340739058,3231.159340739058,1616,2,144.974,5621.32545290813
3411,,,,1990.0,3241.159340739058,3241.159340739058,1621,2,144.954,18794.05690681878
3412,,,,1991.0,3243.159340739058,3243.159340739058,1622,2,144.904,47002.78400940778
3413,,,,1992.0,3245.159340739058,3245.159340739058,1623,2,144.851,49835.96067311725
3414,,,,1993.0,3247.159340739058,3247.159340739058,1624,2,144.8,47967.6904604133
3415,,,,1994.0,3249.159340739058,3249.159340739058,1625,2,144.753,44217.78022570773
3416,,,,1997.0,3251.159340739058,3251.159340739058,1626,2,144.708,42348.772526823304
3417,,,,1999.0,3253.159340739058,3253.159340739058,1627,2,144.663,42361.648721493315
3418,,,,2000.0,3255.159340739058,3255.159340739058,1628,2,144.613,47081.97367259229
3419,,,,2002.0,3257.159340739058,3257.159340739058,1629,2,144.563,47094.6154758886
3420,,,,2004.0,3259.159340739058,3259.159340739058,1630,2,144.516,44281.262583888
3421,,,,2006.0,3261.159340739058,3261.159340739058,1631,2,144.472,41467.18028468966
3422,,,,2007.0,3263.159340739058,3263.159340739058,1632,2,144.43,39594.796914045706
3423,,,,2007.0,3265.159340739058,3265.159340739058,1633,2,144.39,37721.73283170949
3424,,,,2005.0,3267.159340739058,3267.159340739058,1634,2,144.35,37734.38352179231
3425,,,,2003.0,3269.159340739058,3269.159340739058,1635,2,144.314,33972.790029664866
3426,,,,1999.0,3271.159340739058,3271.159340739058,1636,2,144.288,24545.641329438356
3427,,,,1994.0,3273.159340739058,3273.159340739058,1637,2,144.272,15112.045749837069
3428,,,,1990.0,3275.159340739058,3275.159340739058,1638,2,144.261,10394.907050672005
3429,,,,1987.0,3277.159340739058,3277.159340739058,1639,2,144.246,14182.251148766152
3430,,,,1985.0,3279.159340739058,3279.159340739058,1640,2,144.226,18918.91306684323
3431,,,,1985.0,3281.159340739058,3281.159340739058,1641,2,144.2,24605.66326432199
3432,,,,1986.0,3283.159340739058,3283.159340739058,1642,2,144.17,28402.93977266874
3433,,,,1988.0,3285.159340739058,3285.159340739058,1643,2,144.146,22731.936011629394
3434,,,,1990.0,3287.159340739058,3287.159340739058,1644,2,144.133,12319.047098633915
3440,,,,2004.0,3299.159340739058,3299.159340739058,1650,2,144.112,19970.289867612195
3441,,,,2007.0,3301.159340739058,3301.159340739058,1651,2,144.081,29492.50143045957
3442,,,,2010.0,3303.159340739058,3303.159340739058,1652,2,144.037,41874.785169126015
3443,,,,2012.0,3305.159340739058,3305.159340739058,1653,2,143.99,44742.83108344447
3444,,,,2015.0,3307.159340739058,3307.159340739058,1654,2,143.947,40946.90218106449
3445,,,,2017.0,3309.159340739058,3309.159340739058,1655,2,143.916,29530.12059440382
3446,,,,2018.0,3311.159340739058,3311.159340739058,1656,2,143.899,16201.022536127903
3447,,,,2021.0,3313.159340739058,3313.159340739058,1657,2,143.891,7627.95301337967
3448,,,,2023.0,3315.159340739058,3315.159340739058,1658,2,143.887,3816.1196990279245
3462,,,,2050.0,3343.159340739058,3343.159340739058,1672,2,143.878,8658.398229203975
3463,,,,2052.0,3345.159340739058,3345.159340739058,1673,2,143.833,43309.76125873984
3464,,,,2052.0,3347.159340739058,3347.159340739058,1674,2,143.791,40434.381045272225
3465,,,,2051.0,3349.159340739058,3349.159340739058,1675,2,143.743,46223.86473024484
3466,,,,2050.0,3351.159340739058,3351.159340739058,1676,2,143.695,46236.025852002706
3467,,,,2050.0,3353.159340739058,3353.159340739058,1677,2,143.65,43358.110684397856
3468,,,,2050.0,3355.159340739058,3355.159340739058,1678,2,143.612,36624.77173650708
3469,,,,2050.0,3357.159340739058,3357.159340739058,1679,2,143.582,28924.680591127482
3470,,,,2050.0,3359.159340739058,3359.159340739058,1680,2,143.559,22184.70456195681
3471,,,,2050.0,3361.159340739058,3361.159340739058,1681,2,143.535,23159.248314484215
3472,,,,2052.0,3363.159340739058,3363.159340739058,1682,2,143.502,31856.58853368215
3473,,,,2054.0,3365.159340739058,3365.159340739058,1683,2,143.459,41523.78805185244
3474,,,,2055.0,3367.159340739058,3367.159340739058,1684,2,143.41,47330.74801301154
3475,,,,2056.0,3369.159340739058,3369.159340739058,1685,2,143.359,49274.69320419248
3476,,,,2056.0,3371.159340739058,3371.159340739058,1686,2,143.307,50252.63170577996
3477,,,,2056.0,3373.159340739058,3373.159340739058,1687,2,143.255,50264.20292403777
3478,,,,2054.0,3375.159340739058,3375.159340739058,1688,2,143.207,46409.03496320777
3479,,,,2051.0,3377.159340739058,3377.159340739058,1689,2,143.157,48354.84287255348
3480,,,,2048.0,3379.159340739058,3379.159340739058,1690,2,143.104,51268.04119808045
3481,,,,2043.0,3381.159340739058,3381.159340739058,1691,2,143.055,47409.909613547235
3482,,,,2038.0,3383.159340739058,3383.159340739058,1692,2,143.006,47421.70726439301
3483,,,,2034.0,3385.159340739058,3385.159340739058,1693,2,142.958,46465.61787432675
3484,,,,2031.0,3387.159340739058,3387.159340739058,1694,2,142.915,41636.78829525532
3485,,,,2026.0,3389.159340739058,3389.159340739058,1695,2,142.872,41648.840261985744
3486,,,,2021.0,3391.159340739058,3391.159340739058,1696,2,142.827,43598.28746205679
3487,,,,2019.0,3393.159340739058,3393.159340739058,1697,2,142.784,41672.316196122556
3488,,,,2016.0,3395.159340739058,3395.159340739058,1698,2,142.744,38776.52224969395
3489,,,,2014.0,3397.159340739058,3397.159340739058,1699,2,142.709,33940.52638521621
3490,,,,2011.0,3399.159340739058,3399.159340739058,1700,2,142.677,31042.31960372738
3491,,,,2009.0,3401.159340739058,3401.159340739058,1701,2,142.647,29112.97163211203
3492,,,,2007.0,3403.159340739058,3403.159340739058,1702,2,142.614,32036.02501104004
3493,,,,2003.0,3405.159340739058,3405.159340739058,1703,2,142.579,33989.46627521548
3494,,,,1999.0,3407.159340739058,3407.159340739058,1704,2,142.538,39829.001039890325
3495,,,,1995.0,3409.159340739058,3409.159340739058,1705,2,142.496,40812.50558818665
3496,,,,1990.0,3411.159340739058,3411.159340739058,1706,2,142.459,35964.995667797004
3497,,,,1987.0,3413.159340739058,3413.159340739058,1707,2,142.418,39865.55433397745
3498,,,,1984.0,3415.159340739058,3415.159340739058,1708,2,142.375,41822.379387471425
3499,,,,1982.0,3417.159340739058,3417.159340739058,1709,2,142.33,43779.70575471794
3500,,,,1981.0,3419.159340739058,3419.159340739058,1710,2,142.285,43791.481609415605
3501,,,,1978.0,3421.159340739058,3421.159340739058,1711,2,142.234,49642.62655784259
3502,,,,1974.0,3423.159340739058,3423.159340739058,1712,2,142.18,52574.09979979775
3503,,,,1969.0,3425.159340739058,3425.159340739058,1713,2,142.121,57452.7973181534
3504,,,,1965.0,3427.159340739058,3427.159340739058,1714,2,142.064,55514.99480314791
3505,,,,1962.0,3429.159340739058,3429.159340739058,1715,2,142.009,53577.23697710379
3506,,,,1958.0,3431.159340739058,3431.159340739058,1716,2,141.956,51639.44559622456
3507,,,,1954.0,3433.159340739058,3433.159340739058,1717,2,141.903,51650.258397048296
3508,,,,1950.0,3435.159340739058,3435.159340739058,1718,2,141.854,47762.77494343327
3509,,,,1947.0,3437.159340739058,3437.159340739058,1719,2,141.807,45824.43862043378
3510,,,,1944.0,3439.159340739058,3439.159340739058,1720,2,141.759,46810.97556557033
3511,,,,1942.0,3441.159340739058,3441.159340739058,1721,2,141.715,42921.084930076344
3512,,,,1940.0,3443.159340739058,3443.159340739058,1722,2,141.674,40005.89277891763
3513,,,,1937.0,3445.159340739058,3445.159340739058,1723,2,141.633,40017.548051214064
3514,,,,1934.0,3447.159340739058,3447.159340739058,1724,2,141.585,46862.28355994263
3515,,,,1933.0,3449.159340739058,3449.159340739058,1725,2,141.54,43944.4457256191
3516,,,,1933.0,3451.159340739058,3451.159340739058,1726,2,141.496,42979.3027472616
3517,,,,1932.0,3453.159340739058,3453.159340739058,1727,2,141.455,40060.070433476634
3518,,,,1931.0,3455.159340739058,3455.159340739058,1728,2,141.411,43003.27249142064
3519,,,,1929.0,3457.159340739058,3457.159340739058,1729,2,141.372,38127.40970422386
3520,,,,1926.0,3459.159340739058,3459.159340739058,1730,2,141.333,38138.94401553712
3521,,,,1924.0,3461.159340739058,3461.159340739058,1731,2,141.297,35216.18872103221
3522,,,,1920.0,3463.159340739058,3463.159340739058,1732,2,141.259,37184.38512592156
3523,,,,1915.0,3465.159340739058,3465.159340739058,1733,2,141.213,45025.282507665615
3524,,,,1910.0,3467.159340739058,3467.159340739058,1734,2,141.157,54825.219850474845
3525,,,,1904.0,3469.159340739058,3469.159340739058,1735,2,141.098,57772.06661349542
3526,,,,1900.0,3471.159340739058,3471.159340739058,1736,2,141.042,54843.76219819395
3527,,,,1897.0,3473.159340739058,3473.159340739058,1737,2,140.986,54853.578222808836
3528,,,,1894.0,3475.159340739058,3475.159340739058,1738,2,140.932,52904.33843521558
3529,,,,1891.0,3477.159340739058,3477.159340739058,1739,2,140.879,51934.7928015671
3530,,,,1888.0,3479.159340739058,3479.159340739058,1740,2,140.827,50965.20318458897
3531,,,,1885.0,3481.159340739058,3481.159340739058,1741,2,140.774,51955.79143010468
3532,,,,1882.0,3483.159340739058,3483.159340739058,1742,2,140.72,52946.37659495002
3533,,,,1878.0,3485.159340739058,3485.159340739058,1743,2,140.666,52956.452497674836
3534,,,,1873.0,3487.159340739058,3487.159340739058,1744,2,140.608,56889.140871601056
3535,,,,1869.0,3489.159340739058,3489.159340739058,1745,2,140.553,53955.854117091076
3536,,,,1865.0,3491.159340739058,3491.159340739058,1746,2,140.5,52003.642728212246
3537,,,,1859.0,3493.159340739058,3493.159340739058,1747,2,140.443,55938.5838859076
3538,,,,1853.0,3495.159340739058,3495.159340739058,1748,2,140.387,54966.55346895736
3539,,,,1849.0,3497.159340739058,3497.159340739058,1749,2,140.333,53013.018787144494
3540,,,,1845.0,3499.159340739058,3499.159340739058,1750,2,140.281,51059.48116058443
3541,,,,1837.0,3501.159340739058,3501.159340739058,1751,2,140.229,51069.73074686972
3542,,,,1832.0,3503.159340739058,3503.159340739058,1752,2,140.173,55008.401585878535
3543,,,,1828.0,3505.159340739058,3505.159340739058,1753,2,140.118,54035.55392263672
3544,,,,1826.0,3507.159340739058,3507.159340739058,1754,2,140.064,53062.717593977344
3545,,,,1822.0,3509.159340739058,3509.159340739058,1755,2,140.013,50124.57585447276
3546,,,,1817.0,3511.159340739058,3511.159340739058,1756,2,139.961,51117.73291372463
3547,,,,1813.0,3513.159340739058,3513.159340739058,1757,2,139.905,55059.97571510693
3548,,,,1811.0,3515.159340739058,3515.159340739058,1758,2,139.851,53102.89349250299
3549,,,,1807.0,3517.159340739058,3517.159340739058,1759,2,139.802,48195.62389467577
3550,,,,1802.0,3519.159340739058,3519.159340739058,1760,2,139.753,48206.13088552154
3551,,,,1799.0,3521.159340739058,3521.159340739058,1761,2,139.699,53135.731084737454
3552,,,,1797.0,3523.159340739058,3523.159340739058,1762,2,139.646,52161.37814007915
3553,,,,1797.0,3525.159340739058,3525.159340739058,1763,2,139.591,54139.520535626114
3554,,,,1798.0,3527.159340739058,3527.159340739058,1764,2,139.54,50211.51521094742
3555,,,,1800.0,3529.159340739058,3529.159340739058,1765,2,139.49,49237.06654230417
3556,,,,1803.0,3531.159340739058,3531.159340739058,1766,2,139.44,49247.31374562847
3557,,,,1805.0,3533.159340739058,3533.159340739058,1767,2,139.392,47287.57849425553
3558,,,,1804.0,3535.159340739058,3535.159340739058,1768,2,139.347,44342.40507650957
3559,,,,1802.0,3537.159340739058,3537.159340739058,1769,2,139.297,49280.41136705591
3560,,,,1797.0,3539.159340739058,3539.159340739058,1770,2,139.245,51261.835096575815
3561,,,,1795.0,3541.159340739058,3541.159340739058,1771,2,139.194,50285.840149494084
3562,,,,1793.0,3543.159340739058,3543.159340739058,1772,2,139.144,49309.794229114574
3563,,,,1790.0,3545.159340739058,3545.159340739058,1773,2,139.097,46361.20796594617
3564,,,,1785.0,3547.159340739058,3547.159340739058,1774,2,139.05,46371.69126997878
3565,,,,1781.0,3549.159340739058,3549.159340739058,1775,2,138.998,51315.50613145895
3566,,,,1780.0,3551.159340739058,3551.159340739058,1776,2,138.947,50338.37613103547
3567,,,,1780.0,3553.159340739058,3553.159340739058,1777,2,138.901,45412.95795925299
3568,,,,1777.0,3555.159340739058,3555.159340739058,1778,2,138.856,44436.167685270346
3569,,,,1773.0,3557.159340739058,3557.159340739058,1779,2,138.809,46421.83647227367
3570,,,,1773.0,3559.159340739058,3559.159340739058,1780,2,138.762,46432.212616306286
3571,,,,1774.0,3561.159340739058,3561.159340739058,1781,2,138.718,43478.621730215054
3572,,,,1773.0,3563.159340739058,3563.159340739058,1782,2,138.675,42501.00473722027
3573,,,,1774.0,3565.159340739058,3565.159340739058,1783,2,138.63,44488.64299427973
3574,,,,1774.0,3567.159340739058,3567.159340739058,1784,2,138.587,42521.720071357646
3575,,,,1772.0,3569.159340739058,3569.159340739058,1785,2,138.542,44510.29015227297
3576,,,,1769.0,3571.159340739058,3571.159340739058,1786,2,138.499,42542.37486146694
3577,,,,1764.0,3573.159340739058,3573.159340739058,1787,2,138.449,49478.96665493315
3578,,,,1762.0,3575.159340739058,3575.159340739058,1788,2,138.396,52457.544347431365
3579,,,,1758.0,3577.159340739058,3577.159340739058,1789,2,138.347,48507.736564251696
3580,,,,1753.0,3579.159340739058,3579.159340739058,1790,2,138.299,47527.68551895048
3581,,,,1749.0,3581.159340739058,3581.159340739058,1791,2,138.246,52488.64062388548
3582,,,,1746.0,3583.159340739058,3583.159340739058,1792,2,138.196,49526.786723640595
3583,,,,1746.0,3585.159340739058,3585.159340739058,1793,2,138.151,44583.66127507235
3584,,,,1745.0,3587.159340739058,3587.159340739058,1794,2,138.109,41621.52285784961
3585,,,,1742.0,3589.159340739058,3589.159340739058,1795,2,138.061,47578.47048633327
3586,,,,1740.0,3591.159340739058,3591.159340739058,1796,2,138.011,49570.92707583693
3587,,,,1736.0,3593.159340739058,3593.159340739058,1797,2,137.96,50571.99659756585
3588,,,,1731.0,3595.159340739058,3595.159340739058,1798,2,137.908,51573.04968459287
3589,,,,1728.0,3597.159340739058,3597.159340739058,1799,2,137.854,53565.832122501575
3590,,,,1727.0,3599.159340739058,3599.159340739058,1800,2,137.8,53574.62412125459
3591,,,,1727.0,3601.159340739058,3601.159340739058,1801,2,137.751,48622.849817505965
3592,,,,1726.0,3603.159340739058,3603.159340739058,1802,2,137.702,48632.55144435173
3593,,,,1725.0,3605.159340739058,3605.159340739058,1803,2,137.654,47649.70826057192
3594,,,,1721.0,3607.159340739058,3607.159340739058,1804,2,137.602,51630.397077705
3595,,,,1717.0,3609.159340739058,3609.159340739058,1805,2,137.548,53625.25040063703
3596,,,,1714.0,3611.159340739058,3611.159340739058,1806,2,137.495,52640.877223406605
3597,,,,1710.0,3613.159340739058,3613.159340739058,1807,2,137.444,50663.31921517228
3598,,,,1705.0,3615.159340739058,3615.159340739058,1808,2,137.392,51665.94849370325
3599,,,,1703.0,3617.159340739058,3617.159340739058,1809,2,137.344,47700.66665459152
3600,,,,1701.0,3619.159340739058,3619.159340739058,1810,2,137.298,45722.765344318104
3601,,,,1696.0,3621.159340739058,3621.159340739058,1811,2,137.252,45732.7076619881
3602,,,,1690.0,3623.159340739058,3623.159340739058,1812,2,137.199,52702.12432393157
3603,,,,1685.0,3625.159340739058,3625.159340739058,1813,2,137.147,51716.49415372948
3604,,,,1681.0,3627.159340739058,3627.159340739058,1814,2,137.096,50730.87601318516
3605,,,,1677.0,3629.159340739058,3629.159340739058,1815,2,137.047,48750.522828269706
3606,,,,1674.0,3631.159340739058,3631.159340739058,1816,2,137.001,45775.149930491745
3607,,,,1671.0,3633.159340739058,3633.159340739058,1817,2,136.958,42799.478092676196
3608,,,,1666.0,3635.159340739058,3635.159340739058,1818,2,136.917,40818.74984223812
3609,,,,1660.0,3637.159340739058,3637.159340739058,1819,2,136.87,46802.926387874504
3610,,,,1654.0,3639.159340739058,3639.159340739058,1820,2,136.819,50795.89192120021
3611,,,,1649.0,3641.159340739058,3641.159340739058,1821,2,136.766,52796.82864651032
3612,,,,1644.0,3643.159340739058,3643.159340739058,1822,2,136.712,53801.49223008038
3613,,,,1641.0,3645.159340739058,3645.159340739058,1823,2,136.661,50820.895367236546
3614,,,,1639.0,3647.159340739058,3647.159340739058,1824,2,136.613,47840.343440695826
3615,,,,1636.0,3649.159340739058,3649.159340739058,1825,2,136.569,43862.92446896931
3616,,,,1631.0,3651.159340739058,3651.159340739058,1826,2,136.526,42875.87448682073
3617,,,,1626.0,3653.159340739058,3653.159340739058,1827,2,136.474,51860.250001152526
3618,,,,1623.0,3655.159340739058,3655.159340739058,1828,2,136.425,48876.977117467286
3619,,,,1618.0,3657.159340739058,3657.159340739058,1829,2,136.375,49883.653407692094
3620,,,,1614.0,3659.159340739058,3659.159340739058,1830,2,136.329,45901.89988740987
3621,,,,1609.0,3661.159340739058,3661.159340739058,1831,2,136.282,46909.39852479317
3622,,,,1602.0,3663.159340739058,3663.159340739058,1832,2,136.235,46918.840120825786
3623,,,,1597.0,3665.159340739058,3665.159340739058,1833,2,136.184,50921.411164700585
3624,,,,1593.0,3667.159340739058,3667.159340739058,1834,2,136.137,46936.291444978895
3625,,,,1587.0,3669.159340739058,3669.159340739058,1835,2,136.095,41952.22859722075
3626,,,,1580.0,3671.159340739058,3671.159340739058,1836,2,136.052,42961.08504748319
3627,,,,1573.0,3673.159340739058,3673.159340739058,1837,2,136.0,51963.09793826309
3628,,,,1569.0,3675.159340739058,3675.159340739058,1838,2,135.948,51971.51608454838
3629,,,,1564.0,3677.159340739058,3677.159340739058,1839,2,135.901,46982.70821216394
3630,,,,1556.0,3679.159340739058,3679.159340739058,1840,2,135.856,44992.678723271
3631,,,,1548.0,3681.159340739058,3681.159340739058,1841,2,135.804,52001.234818261466
3632,,,,1541.0,3683.159340739058,3683.159340739058,1842,2,135.751,53009.5577430402
3633,,,,1536.0,3685.159340739058,3685.159340739058,1843,2,135.7,51017.34959836701
3634,,,,1533.0,3687.159340739058,3687.159340739058,1844,2,135.653,47024.52218361262
3635,,,,1528.0,3689.159340739058,3689.159340739058,1845,2,135.614,39029.14028847348
3636,,,,1521.0,3691.159340739058,3691.159340739058,1846,2,135.57,44043.2676050063
3637,,,,1516.0,3693.159340739058,3693.159340739058,1847,2,135.521,49057.9306831809
3638,,,,1513.0,3695.159340739058,3695.159340739058,1848,2,135.468,53071.4193331367
3639,,,,1512.0,3697.159340739058,3697.159340739058,1849,2,135.419,49074.107714382415
3640,,,,1508.0,3699.159340739058,3699.159340739058,1850,2,135.373,46078.32678510163
3641,,,,1502.0,3701.159340739058,3701.159340739058,1851,2,135.325,48091.02869853213
3642,,,,1494.0,3703.159340739058,3703.159340739058,1852,2,135.275,50103.74588018236
3643,,,,1484.0,3705.159340739058,3705.159340739058,1853,2,135.228,47106.065705950095
3644,,,,1477.0,3707.159340739058,3707.159340739058,1854,2,135.183,45110.54990200248
3645,,,,1471.0,3709.159340739058,3709.159340739058,1855,2,135.145,38102.20579798815
3646,,,,1462.0,3711.159340739058,3711.159340739058,1856,2,135.11,35103.57786709678
3647,,,,1451.0,3713.159340739058,3713.159340739058,1857,2,135.068,42134.986503213884
3648,,,,1445.0,3715.159340739058,3715.159340739058,1858,2,135.02,48164.1578890353
3649,,,,1440.0,3717.159340739058,3717.159340739058,1859,2,134.981,39141.83282721231
3650,,,,1436.0,3719.159340739058,3719.159340739058,1860,2,134.955,26102.309890827164
3651,,,,1435.0,3721.159340739058,3721.159340739058,1861,2,134.939,16069.097265770475
3652,,,,1437.0,3723.159340739058,3723.159340739058,1862,2,134.925,14066.453412590366
3653,,,,1439.0,3725.159340739058,3725.159340739058,1863,2,134.915,10051.9699650697
3654,,,,1438.0,3727.159340739058,3727.159340739058,1864,2,134.907,8045.356701076402
3655,,,,1438.0,3729.159340739058,3729.159340739058,1865,2,134.902,5030.803762851344
3656,,,,1441.0,3731.159340739058,3731.159340739058,1866,2,134.888,14092.812699513326
3657,,,,1445.0,3733.159340739058,3733.159340739058,1867,2,134.864,24168.65276359393
3658,,,,1449.0,3735.159340739058,3735.159340739058,1868,2,134.829,35257.12148286442
3659,,,,1456.0,3737.159340739058,3737.159340739058,1869,2,134.79,39296.757407354045
3660,,,,1460.0,3739.159340739058,3739.159340739058,1870,2,134.76,30236.712008887534
3661,,,,1468.0,3741.159340739058,3741.159340739058,1871,2,134.757,3024.9181260996916
3665,,,,1498.0,3749.159340739058,3749.159340739058,1875,2,134.723,34350.99761083202
3666,,,,1506.0,3751.159340739058,3751.159340739058,1876,2,134.676,47496.25303610652
3667,,,,1516.0,3753.159340739058,3753.159340739058,1877,2,134.633,43462.662322466786
3668,,,,1522.0,3755.159340739058,3755.159340739058,1878,2,134.601,32352.530238236068
3669,,,,1530.0,3757.159340739058,3757.159340739058,1879,2,134.586,15170.676771819075
3670,,,,1538.0,3759.159340739058,3759.159340739058,1880,2,134.584,2023.7058395031274
3673,,,,1559.0,3765.159340739058,3765.159340739058,1883,2,134.561,23307.59764755
3674,,,,1566.0,3767.159340739058,3767.159340739058,1884,2,134.518,43587.52913461563
3675,,,,1573.0,3769.159340739058,3769.159340739058,1885,2,134.475,43596.731577373575
3676,,,,1580.0,3771.159340739058,3771.159340739058,1886,2,134.444,31438.2283613244
3677,,,,1587.0,3773.159340739058,3773.159340739058,1887,2,134.434,10145.195372183136
3680,,,,1609.0,3779.159340739058,3779.159340739058,1890,2,134.418,16256.552753213025
3681,,,,1616.0,3781.159340739058,3781.159340739058,1891,2,134.379,39638.20720520877
3682,,,,1623.0,3783.159340739058,3783.159340739058,1892,2,134.34,39647.66500046535
3683,,,,1631.0,3785.159340739058,3785.159340739058,1893,2,134.316,24405.738428295143
3684,,,,1639.0,3787.159340739058,3787.159340739058,1894,2,134.313,3052.02247964475
3688,,,,1670.0,3795.159340739058,3795.159340739058,1898,2,134.279,34657.880880016346
3689,,,,1678.0,3797.159340739058,3797.159340739058,1899,2,134.244,35686.86161786111
3690,,,,1685.0,3799.159340739058,3799.159340739058,1900,2,134.219,25498.34285232654
3691,,,,1694.0,3801.159340739058,3801.159340739058,1901,2,134.212,7142.443020962586
3695,,,,1724.0,3809.159340739058,3809.159340739058,1905,2,134.187,25559.363947352314
3696,,,,1732.0,3811.159340739058,3811.159340739058,1906,2,134.153,34771.34091481393
3697,,,,1740.0,3813.159340739058,3813.159340739058,1907,2,134.126,27620.745518888118
3698,,,,1748.0,3815.159340739058,3815.159340739058,1908,2,134.115,11257.203723906621
3702,,,,1777.0,3823.159340739058,3823.159340739058,1912,2,134.095,20508.191335602947
3703,,,,1784.0,3825.159340739058,3825.159340739058,1913,2,134.064,31798.27801325666
3704,,,,1791.0,3827.159340739058,3827.159340739058,1914,2,134.031,33859.395354016146
3705,,,,1797.0,3829.159340739058,3829.159340739058,1915,2,134.01,21553.805675887197
3706,,,,1805.0,3831.159340739058,3831.159340739058,1916,2,134.009,1026.8234953504443
3710,,,,1830.0,3839.159340739058,3839.159340739058,1920,2,133.994,15433.593311927309
3711,,,,1836.0,3841.159340739058,3841.159340739058,1921,2,133.957,38081.972000890055
3712,,,,1843.0,3843.159340739058,3843.159340739058,1922,2,133.919,39120.62575925498
3713,,,,1849.0,3845.159340739058,3845.159340739058,1923,2,133.897,22655.494268006543
3714,,,,1856.0,3847.159340739058,3847.159340739058,1924,2,133.895,2060.476988330945
3726,,,,1917.0,3871.159340739058,3871.159340739058,1936,2,133.869,26950.484852565824
3727,,,,1921.0,3873.159340739058,3873.159340739058,1937,2,133.828,42510.15857754747
3728,,,,1924.0,3875.159340739058,3875.159340739058,1938,2,133.795,34223.698352154126
3729,,,,1928.0,3877.159340739058,3877.159340739058,1939,2,133.779,16598.832535013404
3736,,,,1961.0,3891.159340739058,3891.159340739058,1946,2,133.767,12492.769403728937
3737,,,,1964.0,3893.159340739058,3893.159340739058,1947,2,133.725,43738.33709166648
3738,,,,1968.0,3895.159340739058,3895.159340739058,1948,2,133.691,35415.349628936056
3739,,,,1972.0,3897.159340739058,3897.159340739058,1949,2,133.667,25006.48144851246
3740,,,,1977.0,3899.159340739058,3899.159340739058,1950,2,133.659,8338.773359389466
3747,,,,1989.0,3913.159340739058,3913.159340739058,1957,2,133.645,14644.044021817519
3748,,,,1989.0,3915.159340739058,3915.159340739058,1958,2,133.606,40806.87970991872
3749,,,,1991.0,3917.159340739058,3917.159340739058,1959,2,133.567,40815.80928917445
3750,,,,1992.0,3919.159340739058,3919.159340739058,1960,2,133.527,41871.35779823574
3751,,,,1992.0,3921.159340739058,3921.159340739058,1961,2,133.486,42927.021280995745
3752,,,,1994.0,3923.159340739058,3923.159340739058,1962,2,133.446,41888.67076567799
3753,,,,1995.0,3925.159340739058,3925.159340739058,1963,2,133.403,45039.26833143237
3754,,,,1998.0,3927.159340739058,3927.159340739058,1964,2,133.362,42952.775122819105
3755,,,,2000.0,3929.159340739058,3929.159340739058,1965,2,133.319,45056.78211235487
3756,,,,2001.0,3931.159340739058,3931.159340739058,1966,2,133.275,46113.033704521375
3757,,,,2001.0,3933.159340739058,3933.159340739058,1967,2,133.232,45073.22334616747
3758,,,,1999.0,3935.159340739058,3935.159340739058,1968,2,133.186,48226.274937078735
3759,,,,1998.0,3937.159340739058,3937.159340739058,1969,2,133.14,48234.12333477853
3760,,,,1997.0,3939.159340739058,3939.159340739058,1970,2,133.094,48241.95480441872
3761,,,,1997.0,3941.159340739058,3941.159340739058,1971,2,133.049,47201.03866899106
3762,,,,1995.0,3943.159340739058,3943.159340739058,1972,2,133.001,50355.72204497598
3763,,,,1992.0,3945.159340739058,3945.159340739058,1973,2,132.952,51412.121145238074
3764,,,,1988.0,3947.159340739058,3947.159340739058,1974,2,132.902,52468.404968654
3765,,,,1985.0,3949.159340739058,3949.159340739058,1975,2,132.855,49327.286729086016
3766,,,,1982.0,3951.159340739058,3951.159340739058,1976,2,132.808,49334.81166511863
3767,,,,1977.0,3953.159340739058,3953.159340739058,1977,2,132.756,54590.47397252153
3768,,,,1973.0,3955.159340739058,3955.159340739058,1978,2,132.703,55646.43010195936
3769,,,,1970.0,3957.159340739058,3957.159340739058,1979,2,132.651,54602.49910452066
3770,,,,1967.0,3959.159340739058,3959.159340739058,1980,2,132.597,56708.59122786925
3771,,,,1964.0,3961.159340739058,3961.159340739058,1981,2,132.542,57764.18045443889
3772,,,,1960.0,3963.159340739058,3963.159340739058,1982,2,132.488,56719.23048411006
3773,,,,1955.0,3965.159340739058,3965.159340739058,1983,2,132.432,58825.20070273329
3774,,,,1950.0,3967.159340739058,3967.159340739058,1984,2,132.373,61980.89412423733
3775,,,,1945.0,3969.159340739058,3969.159340739058,1985,2,132.316,59883.79055421753
3776,,,,1935.0,3971.159340739058,3971.159340739058,1986,2,132.258,60938.5996621607
3777,,,,1931.0,3973.159340739058,3973.159340739058,1987,2,132.2,60942.55883014607
3778,,,,1928.0,3975.159340739058,3975.159340739058,1988,2,132.145,57794.74227599894
3779,,,,1926.0,3977.159340739058,3977.159340739058,1989,2,132.095,52546.229209856385
3780,,,,1926.0,3979.159340739058,3979.159340739058,1990,2,132.049,48349.26898540005
3781,,,,1922.0,3981.159340739058,3981.159340739058,1991,2,132.002,49407.76793882687
3782,,,,1918.0,3983.159340739058,3983.159340739058,1992,2,131.95,54670.86946397329
3783,,,,1917.0,3985.159340739058,3985.159340739058,1993,2,131.898,54676.768730228694
3784,,,,1916.0,3987.159340739058,3987.159340739058,1994,2,131.845,55734.02439823782
3785,,,,1916.0,3989.159340739058,3989.159340739058,1995,2,131.794,53636.596951075415
3786,,,,1917.0,3991.159340739058,3991.159340739058,1996,2,131.747,49436.203819429364
3787,,,,1915.0,3993.159340739058,3993.159340739058,1997,2,131.698,51546.91526353599
3788,,,,1912.0,3995.159340739058,3995.159340739058,1998,2,131.647,53657.36706595027
3789,,,,1910.0,3997.159340739058,3997.159340739058,1999,2,131.592,57871.452523301756
3790,,,,1909.0,3999.159340739058,3999.159340739058,2000,2,131.537,57876.213899320195
3791,,,,1910.0,4001.159340739058,4001.159340739058,2001,2,131.486,53672.24359725666
3792,,,,1909.0,4003.159340739058,4003.159340739058,2002,2,131.435,53678.24750833622
3793,,,,1907.0,4005.159340739058,4005.159340739058,2003,2,131.385,52631.798896663924
3794,,,,1907.0,4007.159340739058,4007.159340739058,2004,2,131.331,56848.22316152867
3795,,,,1907.0,4009.159340739058,4009.159340739058,2005,2,131.283,50537.345813226566
3796,,,,1906.0,4011.159340739058,4011.159340739058,2006,2,131.239,46332.773187759754
3797,,,,1904.0,4013.159340739058,4013.159340739058,2007,2,131.197,44234.29435934188
3798,,,,1901.0,4015.159340739058,4015.159340739058,2008,2,131.149,50561.3276354673
3799,,,,1900.0,4017.159340739058,4017.159340739058,2009,2,131.099,52674.6001395188
3800,,,,1899.0,4019.159340739058,4019.159340739058,2010,2,131.052,49520.45209569886
3801,,,,1894.0,4021.159340739058,4021.159340739058,2011,2,131.005,49527.32880773148
3802,,,,1889.0,4023.159340739058,4023.159340739058,2012,2,130.954,53749.04268476087
3803,,,,1887.0,4025.159340739058,4025.159340739058,2013,2,130.904,52701.008732374394
3804,,,,1883.0,4027.159340739058,4027.159340739058,2014,2,130.855,51653.11489176018
3805,,,,1877.0,4029.159340739058,4029.159340739058,2015,2,130.808,49551.25026705967
3806,,,,1870.0,4031.159340739058,4031.159340739058,2016,2,130.759,51666.49450868251
3807,,,,1862.0,4033.159340739058,4033.159340739058,2017,2,130.708,53781.44174058303
3808,,,,1856.0,4035.159340739058,4035.159340739058,2018,2,130.657,53787.12047569251
3809,,,,1852.0,4037.159340739058,4037.159340739058,2019,2,130.605,54847.32883139078
3810,,,,1848.0,4039.159340739058,4039.159340739058,2020,2,130.56,47469.917215072026
3811,,,,1845.0,4041.159340739058,4041.159340739058,2021,2,130.51,52751.273454349284
3812,,,,1843.0,4043.159340739058,4043.159340739058,2022,2,130.461,51702.21947926559
3813,,,,1843.0,4045.159340739058,4045.159340739058,2023,2,130.412,51708.36978214135
3814,,,,1842.0,4047.159340739058,4047.159340739058,2024,2,130.367,47493.63745735338
3815,,,,1840.0,4049.159340739058,4049.159340739058,2025,2,130.325,44334.504767951425
3816,,,,1837.0,4051.159340739058,4051.159340739058,2026,2,130.281,46453.28297069804
3817,,,,1835.0,4053.159340739058,4053.159340739058,2027,2,130.235,48571.991505342754
3818,,,,1833.0,4055.159340739058,4055.159340739058,2028,2,130.189,48578.79754304276
3819,,,,1833.0,4057.159340739058,4057.159340739058,2029,2,130.147,44361.4346334887
3820,,,,1832.0,4059.159340739058,4059.159340739058,2030,2,130.104,45425.21193620397
3821,,,,1832.0,4061.159340739058,4061.159340739058,2031,2,130.061,45432.57535499194
3822,,,,1833.0,4063.159340739058,4063.159340739058,2032,2,130.019,44383.35221625708
3823,,,,1832.0,4065.159340739058,4065.159340739058,2033,2,129.979,42277.33193093054
3824,,,,1829.0,4067.159340739058,4067.159340739058,2034,2,129.938,43342.0780290685
3825,,,,1830.0,4069.159340739058,4069.159340739058,2035,2,129.894,46521.10363218981
3826,,,,1831.0,4071.159340739058,4071.159340739058,2036,2,129.852,44413.62887302519
3827,,,,1834.0,4073.159340739058,4073.159340739058,2037,2,129.811,43363.599729664
3828,,,,1837.0,4075.159340739058,4075.159340739058,2038,2,129.77,43371.19140996043
3829,,,,1840.0,4077.159340739058,4077.159340739058,2039,2,129.728,44436.61717333206
3830,,,,1845.0,4079.159340739058,4079.159340739058,2040,2,129.689,41269.92786918026
3831,,,,1847.0,4081.159340739058,4081.159340739058,2041,2,129.652,39161.24194971099
3832,,,,1849.0,4083.159340739058,4083.159340739058,2042,2,129.612,42344.64893268642
3833,,,,1853.0,4085.159340739058,4085.159340739058,2043,2,129.571,43410.95798983825
3834,,,,1856.0,4087.159340739058,4087.159340739058,2044,2,129.532,41300.814619863486
3835,,,,1857.0,4089.159340739058,4089.159340739058,2045,2,129.491,43426.639116563005
3836,,,,1858.0,4091.159340739058,4091.159340739058,2046,2,129.449,44493.321587022496
3837,,,,1860.0,4093.159340739058,4093.159340739058,2047,2,129.407,44500.63188086837
3838,,,,1861.0,4095.159340739058,4095.159340739058,2048,2,129.364,45567.46454378938
3839,,,,1862.0,4097.159340739058,4097.159340739058,2049,2,129.323,43455.15619348498
3840,,,,1863.0,4099.159340739058,4099.159340739058,2050,2,129.283,42402.68801886829
3841,,,,1862.0,4101.159340739058,4101.159340739058,2051,2,129.241,44530.42093099097
3842,,,,1862.0,4103.159340739058,4103.159340739058,2052,2,129.197,46658.14092289633
3843,,,,1860.0,4105.159340739058,4105.159340739058,2053,2,129.154,45604.59689609564
3844,,,,1856.0,4107.159340739058,4107.159340739058,2054,2,129.111,45611.62680685359
3845,,,,1854.0,4109.159340739058,4109.159340739058,2055,2,129.064,49861.46400137626
3846,,,,1853.0,4111.159340739058,4111.159340739058,2056,2,129.024,42441.635677298036
3847,,,,1851.0,4113.159340739058,4113.159340739058,2057,2,128.989,37143.700334370114
3848,,,,1848.0,4115.159340739058,4115.159340739058,2058,2,128.953,38213.00750408236
3849,,,,1845.0,4117.159340739058,4117.159340739058,2059,2,128.914,41405.501581032644
3850,,,,1844.0,4119.159340739058,4119.159340739058,2060,2,128.875,41413.08472428794
3851,,,,1840.0,4121.159340739058,4121.159340739058,2061,2,128.839,38234.896500213574
3852,,,,1834.0,4123.159340739058,4123.159340739058,2062,2,128.799,42491.30104916473
3853,,,,1829.0,4125.159340739058,4125.159340739058,2063,2,128.752,49934.62892823107
3854,,,,1824.0,4127.159340739058,4127.159340739058,2064,2,128.708,46753.45153014567
3855,,,,1819.0,4129.159340739058,4129.159340739058,2065,2,128.662,48885.20001818831
3856,,,,1814.0,4131.159340739058,4131.159340739058,2066,2,128.617,47828.724481187106
3857,,,,1808.0,4133.159340739058,4133.159340739058,2067,2,128.569,51023.554473953074
3858,,,,1803.0,4135.159340739058,4135.159340739058,2068,2,128.522,49966.27575328428
3859,,,,1799.0,4137.159340739058,4137.159340739058,2069,2,128.474,51035.20329276553
3860,,,,1795.0,4139.159340739058,4139.159340739058,2070,2,128.426,51040.80166252341
3861,,,,1791.0,4141.159340739058,4141.159340739058,2071,2,128.378,51046.38160028128
3862,,,,1789.0,4143.159340739058,4143.159340739058,2072,2,128.33,51051.94310600893
3863,,,,1786.0,4145.159340739058,4145.159340739058,2073,2,128.284,48930.472276985
3864,,,,1783.0,4147.159340739058,4147.159340739058,2074,2,128.24,46809.21971982645
3865,,,,1779.0,4149.159340739058,4149.159340739058,2075,2,128.194,48943.33421364368
3866,,,,1773.0,4151.159340739058,4151.159340739058,2076,2,128.148,48949.35843528343
3867,,,,1770.0,4153.159340739058,4153.159340739058,2077,2,128.1,51083.46118779564
3868,,,,1766.0,4155.159340739058,4155.159340739058,2078,2,128.053,50024.756938588456
3869,,,,1761.0,4157.159340739058,4157.159340739058,2079,2,128.007,48966.182156315364
3870,,,,1758.0,4159.159340739058,4159.159340739058,2080,2,127.961,48972.13811400048
3871,,,,1755.0,4161.159340739058,4161.159340739058,2081,2,127.915,48978.07714365535
3872,,,,1751.0,4163.159340739058,4163.159340739058,2082,2,127.868,50048.67312566814
3873,,,,1746.0,4165.159340739058,4165.159340739058,2083,2,127.823,47924.71906468279
3874,,,,1743.0,4167.159340739058,4167.159340739058,2084,2,127.775,51125.64447234945
3875,,,,1741.0,4169.159340739058,4169.159340739058,2085,2,127.727,51130.97039412246
3876,,,,1741.0,4171.159340739058,4171.159340739058,2086,2,127.682,47940.823622648815
3877,,,,1741.0,4173.159340739058,4173.159340739058,2087,2,127.637,47946.90913731882
3878,,,,1743.0,4175.159340739058,4175.159340739058,2088,2,127.593,46887.540415617244
3879,,,,1747.0,4177.159340739058,4177.159340739058,2089,2,127.551,44762.6399990098
3880,,,,1750.0,4179.159340739058,4179.159340739058,2090,2,127.511,42637.78959071009
3881,,,,1751.0,4181.159340739058,4181.159340739058,2091,2,127.473,40512.89186687879
3882,,,,1753.0,4183.159340739058,4183.159340739058,2092,2,127.433,42652.49659640873
3883,,,,1756.0,4185.159340739058,4185.159340739058,2093,2,127.391,44792.119841470274
3884,,,,1758.0,4187.159340739058,4187.159340739058,2094,2,127.351,42665.81379114864
3885,,,,1758.0,4189.159340739058,4189.159340739058,2095,2,127.309,44806.07534393126
3886,,,,1757.0,4191.159340739058,4191.159340739058,2096,2,127.267,44812.68037377713
3887,,,,1757.0,4193.159340739058,4193.159340739058,2097,2,127.226,43752.31770420751
3888,,,,1757.0,4195.159340739058,4195.159340739058,2098,2,127.19,38423.363718006316
3889,,,,1756.0,4197.159340739058,4197.159340739058,2099,2,127.155,37363.42723820601
3890,,,,1756.0,4199.159340739058,4199.159340739058,2100,2,127.123,34168.122843018515
3891,,,,1756.0,4201.159340739058,4201.159340739058,2101,2,127.09,35243.64754308218
3892,,,,1758.0,4203.159340739058,4203.159340739058,2102,2,127.057,35251.27112003805
3893,,,,1759.0,4205.159340739058,4205.159340739058,2103,2,127.022,37395.49380474373
3894,,,,1759.0,4207.159340739058,4207.159340739058,2104,2,126.986,38471.47667360954
3895,,,,1761.0,4209.159340739058,4209.159340739058,2105,2,126.951,37410.14534283544
3896,,,,1762.0,4211.159340739058,4211.159340739058,2106,2,126.916,37417.603592435444
3897,,,,1762.0,4213.159340739058,4213.159340739058,2107,2,126.875,43839.73881206236
3898,,,,1763.0,4215.159340739058,4215.159340739058,2108,2,126.833,44915.62513285115
3899,,,,1764.0,4217.159340739058,4217.159340739058,2109,2,126.793,42783.25019816287
3900,,,,1763.0,4219.159340739058,4219.159340739058,2110,2,126.754,41720.45254128986
3901,,,,1761.0,4221.159340739058,4221.159340739058,2111,2,126.712,44936.65568531188
3902,,,,1759.0,4223.159340739058,4223.159340739058,2112,2,126.664,51362.266613718726
3903,,,,1760.0,4225.159340739058,4225.159340739058,2113,2,126.616,51367.121175476605
3904,,,,1760.0,4227.159340739058,4227.159340739058,2114,2,126.573,46021.620591869214
3905,,,,1761.0,4229.159340739058,4229.159340739058,2115,2,126.532,43887.27637244472
3906,,,,1761.0,4231.159340739058,4231.159340739058,2116,2,126.49,44964.20874592578
3907,,,,1760.0,4233.159340739058,4233.159340739058,2117,2,126.45,42829.41294585297
3908,,,,1756.0,4235.159340739058,4235.159340739058,2118,2,126.403,50331.019004839814
3909,,,,1756.0,4237.159340739058,4237.159340739058,2119,2,126.355,51406.84419103505
3910,,,,1755.0,4239.159340739058,4239.159340739058,2120,2,126.309,49269.81596075764
3911,,,,1752.0,4241.159340739058,4241.159340739058,2121,2,126.264,48204.1052175837
3912,,,,1748.0,4243.159340739058,4243.159340739058,2122,2,126.214,53565.219201552754
3913,,,,1748.0,4245.159340739058,4245.159340739058,2123,2,126.164,53569.24120484906
3914,,,,1747.0,4247.159340739058,4247.159340739058,2124,2,126.12,47145.57527323326
3915,,,,1744.0,4249.159340739058,4249.159340739058,2125,2,126.075,48222.753297197734
3916,,,,1740.0,4251.159340739058,4251.159340739058,2126,2,126.024,54657.36395069184
3917,,,,1740.0,4253.159340739058,4253.159340739058,2127,2,125.975,52517.80313464526
3918,,,,1736.0,4255.159340739058,4255.159340739058,2128,2,125.926,52522.0657614758
3919,,,,1732.0,4257.159340739058,4257.159340739058,2129,2,125.877,52526.30918033681
3920,,,,1730.0,4259.159340739058,4259.159340739058,2130,2,125.827,53602.37213506615
3921,,,,1730.0,4261.159340739058,4261.159340739058,2131,2,125.783,47174.613275824304
3922,,,,1729.0,4263.159340739058,4263.159340739058,2132,2,125.74,46108.152955017365
3923,,,,1726.0,4265.159340739058,4265.159340739058,2133,2,125.7,42897.266585408615
3924,,,,1723.0,4267.159340739058,4267.159340739058,2134,2,125.657,46120.95592764317
3925,,,,1722.0,4269.159340739058,4269.159340739058,2135,2,125.612,48271.832927469135
3926,,,,1718.0,4271.159340739058,4271.159340739058,2136,2,125.565,50422.39851725111
3927,,,,1713.0,4273.159340739058,4273.159340739058,2137,2,125.517,51499.84289239127
3928,,,,1708.0,4275.159340739058,4275.159340739058,2138,2,125.467,53649.82959879954
3929,,,,1705.0,4277.159340739058,4277.159340739058,2139,2,125.419,51507.8111213136
3930,,,,1700.0,4279.159340739058,4279.159340739058,2140,2,125.371,51512.17781107147
3931,,,,1696.0,4281.159340739058,4281.159340739058,2141,2,125.326,48297.321146038514
3932,,,,1689.0,4283.159340739058,4283.159340739058,2142,2,125.283,46156.12600659239
3933,,,,1685.0,4285.159340739058,4285.159340739058,2143,2,125.242,44015.12129738134
3934,,,,1680.0,4287.159340739058,4287.159340739058,2144,2,125.199,46168.26031553015
3935,,,,1674.0,4289.159340739058,4289.159340739058,2145,2,125.154,48321.17587944388
3936,,,,1669.0,4291.159340739058,4291.159340739058,2146,2,125.107,50473.76190531361
3937,,,,1663.0,4293.159340739058,4293.159340739058,2147,2,125.06,50478.31926134622
3938,,,,1658.0,4295.159340739058,4295.159340739058,2148,2,125.013,50482.85894537884
3939,,,,1654.0,4297.159340739058,4297.159340739058,2149,2,124.963,53709.33516804155
3940,,,,1652.0,4299.159340739058,4299.159340739058,2150,2,124.912,54786.87445361259
3941,,,,1649.0,4301.159340739058,4301.159340739058,2151,2,124.862,53715.88865870009
3942,,,,1646.0,4303.159340739058,4303.159340739058,2152,2,124.813,52645.17411154401
3943,,,,1642.0,4305.159340739058,4305.159340739058,2153,2,124.768,48351.86880394661
3944,,,,1639.0,4307.159340739058,4307.159340739058,2154,2,124.725,46208.062532164266
3945,,,,1635.0,4309.159340739058,4309.159340739058,2155,2,124.683,45139.030139898416
3946,,,,1632.0,4311.159340739058,4311.159340739058,2156,2,124.643,42995.36455157098
3947,,,,1630.0,4313.159340739058,4313.159340739058,2157,2,124.601,45151.22164237468
3948,,,,1629.0,4315.159340739058,4315.159340739058,2158,2,124.562,41931.94382584766
3949,,,,1630.0,4317.159340739058,4317.159340739058,2159,2,124.523,41938.245741133134
3950,,,,1631.0,4319.159340739058,4319.159340739058,2160,2,124.485,40869.19870650901
3951,,,,1632.0,4321.159340739058,4321.159340739058,2161,2,124.445,43026.64778761368
3952,,,,1632.0,4323.159340739058,4323.159340739058,2162,2,124.403,45184.001336204215
3953,,,,1634.0,4325.159340739058,4325.159340739058,2163,2,124.36,46265.40336245848
3954,,,,1636.0,4327.159340739058,4327.159340739058,2164,2,124.314,49498.39300735842
3955,,,,1638.0,4329.159340739058,4329.159340739058,2165,2,124.27,47351.02880456093
3956,,,,1642.0,4331.159340739058,4331.159340739058,2166,2,124.23,43051.723846937675
3957,,,,1644.0,4333.159340739058,4333.159340739058,2167,2,124.19,43057.737737062605
3958,,,,1646.0,4335.159340739058,4335.159340739058,2168,2,124.152,40910.88135791358
3959,,,,1649.0,4337.159340739058,4337.159340739058,2169,2,124.111,44147.00376580251
3960,,,,1652.0,4339.159340739058,4339.159340739058,2170,2,124.066,48459.57964679872
3961,,,,1656.0,4341.159340739058,4341.159340739058,2171,2,124.02,49541.11938551012
3962,,,,1660.0,4343.159340739058,4343.159340739058,2172,2,123.979,44161.06610709835
3963,,,,1664.0,4345.159340739058,4345.159340739058,2173,2,123.949,32318.59995092382
3964,,,,1669.0,4347.159340739058,4347.159340739058,2174,2,123.938,11853.647162470957
3965,,,,1673.0,4349.159340739058,4349.159340739058,2175,2,123.929,9702.11770479908
3966,,,,1676.0,4351.159340739058,4351.159340739058,2176,2,123.913,17254.400533244956
3967,,,,1679.0,4353.159340739058,4353.159340739058,2177,2,123.882,33439.42468398253
3968,,,,1679.0,4355.159340739058,4355.159340739058,2178,2,123.836,49627.1626321901
3969,,,,1679.0,4357.159340739058,4357.159340739058,2179,2,123.793,46395.23744667004
3970,,,,1679.0,4359.159340739058,4359.159340739058,2180,2,123.761,34532.07460600567
3971,,,,1678.0,4361.159340739058,4361.159340739058,2181,2,123.738,24825.79924048808
3972,,,,1679.0,4363.159340739058,4363.159340739058,2182,2,123.724,15116.025914887023
3973,,,,1679.0,4365.159340739058,4365.159340739058,2183,2,123.712,12961.170799621807
3974,,,,1679.0,4367.159340739058,4367.159340739058,2184,2,123.711,1080.5356655688395
3979,,,,1687.0,4377.159340739058,4377.159340739058,2189,2,123.7,11912.531066162825
3980,,,,1688.0,4379.159340739058,4379.159340739058,2190,2,123.676,25999.174105792954
3981,,,,1687.0,4381.159340739058,4381.159340739058,2191,2,123.639,40090.47762713722
3982,,,,1685.0,4383.159340739058,4383.159340739058,2192,2,123.594,48764.77349800413
3983,,,,1684.0,4385.159340739058,4385.159340739058,2193,2,123.547,50936.3752375876
3984,,,,1683.0,4387.159340739058,4387.159340739058,2194,2,123.511,39019.781246556646
3985,,,,1683.0,4389.159340739058,4389.159340739058,2195,2,123.482,31438.65735836376
3986,,,,1681.0,4391.159340739058,4391.159340739058,2196,2,123.464,19518.826222047395
3987,,,,1681.0,4393.159340739058,4393.159340739058,2197,2,123.453,11932.20297430524
3988,,,,1683.0,4395.159340739058,4395.159340739058,2198,2,123.441,13021.661643269643
3989,,,,1685.0,4397.159340739058,4397.159340739058,2199,2,123.434,7598.840985720115
3990,,,,1687.0,4399.159340739058,4399.159340739058,2200,2,123.425,9773.748681259898
3991,,,,1688.0,4401.159340739058,4401.159340739058,2201,2,123.421,4345.634314486167
3992,,,,1688.0,4403.159340739058,4403.159340739058,2202,2,123.42,1086.8802548325596
3997,,,,1694.0,4413.159340739058,4413.159340739058,2207,2,123.418,2178.670850693618
3998,,,,1696.0,4415.159340739058,4415.159340739058,2208,2,123.396,23973.90902555981
3999,,,,1697.0,4417.159340739058,4417.159340739058,2209,2,123.36,39238.58053020414
4000,,,,1698.0,4419.159340739058,4419.159340739058,2210,2,123.314,50144.21871601052
4001,,,,1699.0,4421.159340739058,4421.159340739058,2211,2,123.263,55597.966544818766
4002,,,,1700.0,4423.159340739058,4423.159340739058,2212,2,123.213,54510.1310834124
4003,,,,1700.0,4425.159340739058,4425.159340739058,2213,2,123.164,53422.61666176178
4004,,,,1702.0,4427.159340739058,4427.159340739058,2214,2,123.116,52335.398516988316
4005,,,,1704.0,4429.159340739058,4429.159340739058,2215,2,123.072,47977.85871022281
4006,,,,1706.0,4431.159340739058,4431.159340739058,2216,2,123.03,45801.72139513341
4007,,,,1706.0,4433.159340739058,4433.159340739058,2217,2,122.981,53439.69216616046
4008,,,,1706.0,4435.159340739058,4435.159340739058,2218,2,122.925,61075.408399248765
4009,,,,1706.0,4437.159340739058,4437.159340739058,2219,2,122.873,56713.534365010724
4010,,,,1706.0,4439.159340739058,4439.159340739058,2220,2,122.825,52353.243441645434
4011,,,,1705.0,4441.159340739058,4441.159340739058,2221,2,122.772,57808.97676219402
4012,,,,1703.0,4443.159340739058,4443.159340739058,2222,2,122.72,56719.52378959639
4013,,,,1700.0,4445.159340739058,4445.159340739058,2223,2,122.663,62173.69246699098
4014,,,,1698.0,4447.159340739058,4447.159340739058,2224,2,122.613,54539.072722952566
4015,,,,1697.0,4449.159340739058,4449.159340739058,2225,2,122.571,45816.23271959188
4016,,,,1696.0,4451.159340739058,4451.159340739058,2226,2,122.531,43639.52226934431
4017,,,,1693.0,4453.159340739058,4453.159340739058,2227,2,122.486,49099.48839854565
4018,,,,1688.0,4455.159340739058,4455.159340739058,2228,2,122.434,56740.196538165445
4019,,,,1682.0,4457.159340739058,4457.159340739058,2229,2,122.38,58923.450369561586
4020,,,,1677.0,4459.159340739058,4459.159340739058,2230,2,122.334,50196.06106983399
4021,,,,1671.0,4461.159340739058,4461.159340739058,2231,2,122.295,42561.82898626216
4022,,,,1665.0,4463.159340739058,4463.159340739058,2232,2,122.257,41476.0326376603
4023,,,,1658.0,4465.159340739058,4465.159340739058,2233,2,122.215,45847.47024266642
4024,,,,1651.0,4467.159340739058,4467.159340739058,2234,2,122.171,48035.29291641429
4025,,,,1643.0,4469.159340739058,4469.159340739058,2235,2,122.124,51314.284213867155
4026,,,,1634.0,4471.159340739058,4471.159340739058,2236,2,122.07,58958.83533883365
4027,,,,1626.0,4473.159340739058,4473.159340739058,2237,2,122.012,63325.42533595576
4028,,,,1617.0,4475.159340739058,4475.159340739058,2238,2,121.956,61140.557746317034
4029,,,,1608.0,4477.159340739058,4477.159340739058,2239,2,121.902,58956.72061575528
4030,,,,1599.0,4479.159340739058,4479.159340739058,2240,2,121.844,63323.07601473895
4031,,,,1588.0,4481.159340739058,4481.159340739058,2241,2,121.785,64412.68177246731
4032,,,,1579.0,4483.159340739058,4483.159340739058,2242,2,121.729,61135.87556723808
4033,,,,1570.0,4485.159340739058,4485.159340739058,2243,2,121.678,55677.67816221698
4034,,,,1561.0,4487.159340739058,4487.159340739058,2244,2,121.626,56770.67844442895
4035,,,,1552.0,4489.159340739058,4489.159340739058,2245,2,121.574,56771.70468672975
4036,,,,1543.0,4491.159340739058,4491.159340739058,2246,2,121.52,58955.78999399375
4037,,,,1536.0,4493.159340739058,4493.159340739058,2247,2,121.464,61138.88643800495
4038,,,,1528.0,4495.159340739058,4495.159340739058,2248,2,121.409,60046.40590097439
4039,,,,1520.0,4497.159340739058,4497.159340739058,2249,2,121.356,57862.903029801964
4040,,,,1511.0,4499.159340739058,4499.159340739058,2250,2,121.296,65503.80074092781
4041,,,,1503.0,4501.159340739058,4501.159340739058,2251,2,121.237,64409.10102487328
4042,,,,1496.0,4503.159340739058,4503.159340739058,2252,2,121.179,63314.99673517883
4043,,,,1488.0,4505.159340739058,4505.159340739058,2253,2,121.128,55673.21386320152
4044,,,,1479.0,4507.159340739058,4507.159340739058,2254,2,121.072,61131.50357030914
4045,,,,1472.0,4509.159340739058,4509.159340739058,2255,2,121.016,61130.348522924025
4046,,,,1463.0,4511.159340739058,4511.159340739058,2256,2,120.963,57855.10878398545
4047,,,,1455.0,4513.159340739058,4513.159340739058,2257,2,120.91,57855.40362879367
4048,,,,1442.0,4515.159340739058,4515.159340739058,2258,2,120.854,61129.767039845654
4049,,,,1435.0,4517.159340739058,4517.159340739058,2259,2,120.799,60037.18083921079
4050,,,,1427.0,4519.159340739058,4519.159340739058,2260,2,120.742,62219.04918032517
4051,,,,1422.0,4521.159340739058,4521.159340739058,2261,2,120.685,62217.20636092905
4052,,,,1418.0,4523.159340739058,4523.159340739058,2262,2,120.63,60032.84079708197
4053,,,,1415.0,4525.159340739058,4525.159340739058,2263,2,120.578,56758.24098156312
4054,,,,1414.0,4527.159340739058,4527.159340739058,2264,2,120.532,50210.995877704416
4055,,,,1413.0,4529.159340739058,4529.159340739058,2265,2,120.486,50214.01059535889
4056,,,,1409.0,4531.159340739058,4531.159340739058,2266,2,120.437,53491.36459060213
4057,,,,1405.0,4533.159340739058,4533.159340739058,2267,2,120.387,54584.67825370404
4058,,,,1403.0,4535.159340739058,4535.159340739058,2268,2,120.332,60043.44617389254
4059,,,,1404.0,4537.159340739058,4537.159340739058,2269,2,120.281,55676.675543102196
4060,,,,1404.0,4539.159340739058,4539.159340739058,2270,2,120.237,48036.97915791074
4061,,,,1402.0,4541.159340739058,4541.159340739058,2271,2,120.193,48040.561372927885
4062,,,,1398.0,4543.159340739058,4543.159340739058,2272,2,120.144,53502.575037276634
4063,,,,1392.0,4545.159340739058,4545.159340739058,2273,2,120.092,56779.36676786032
4064,,,,1390.0,4547.159340739058,4547.159340739058,2274,2,120.039,57871.437741500595
4065,,,,1387.0,4549.159340739058,4549.159340739058,2275,2,119.989,54596.28091194263
4066,,,,1383.0,4551.159340739058,4551.159340739058,2276,2,119.943,50230.56309534845
4067,,,,1379.0,4553.159340739058,4553.159340739058,2277,2,119.895,52416.99023828235
4068,,,,1374.0,4555.159340739058,4555.159340739058,2278,2,119.848,51327.17559385656
4069,,,,1370.0,4557.159340739058,4557.159340739058,2279,2,119.804,48053.82341437571
4070,,,,1367.0,4559.159340739058,4559.159340739058,2280,2,119.76,48057.25972540837
4071,,,,1364.0,4561.159340739058,4561.159340739058,2281,2,119.718,45876.487297265085
4072,,,,1360.0,4563.159340739058,4563.159340739058,2282,2,119.68,41511.62635445786
4073,,,,1355.0,4565.159340739058,4565.159340739058,2283,2,119.643,40424.262269443374
4074,,,,1349.0,4567.159340739058,4567.159340739058,2284,2,119.601,45891.9497112643
4075,,,,1343.0,4569.159340739058,4569.159340739058,2285,2,119.562,42618.18036095946
4076,,,,1335.0,4571.159340739058,4571.159340739058,2286,2,119.522,43715.64239284158
4077,,,,1325.0,4573.159340739058,4573.159340739058,2287,2,119.476,50276.893061432944
4078,,,,1316.0,4575.159340739058,4575.159340739058,2288,2,119.429,51372.33678806221
4079,,,,1310.0,4577.159340739058,4577.159340739058,2289,2,119.383,50281.70651811358
4080,,,,1303.0,4579.159340739058,4579.159340739058,2290,2,119.347,39354.577538928366
4081,,,,1296.0,4581.159340739058,4581.159340739058,2291,2,119.311,39359.89173390163
4082,,,,1292.0,4583.159340739058,4583.159340739058,2292,2,119.276,38271.87831702365
4083,,,,1290.0,4585.159340739058,4585.159340739058,2293,2,119.245,33903.360524475975
4084,,,,1291.0,4587.159340739058,4587.159340739058,2294,2,119.216,31721.899503018885
4085,,,,1294.0,4589.159340739058,4589.159340739058,2295,2,119.188,30634.07041713832
4086,,,,1295.0,4591.159340739058,4591.159340739058,2296,2,119.166,24075.06625706148
4087,,,,1296.0,4593.159340739058,4593.159340739058,2297,2,119.149,18608.519060895407
4088,,,,1295.0,4595.159340739058,4595.159340739058,2298,2,119.14,9854.783317308698
4089,,,,1295.0,4597.159340739058,4597.159340739058,2299,2,119.139,1095.4065305571924
4101,,,,1334.0,4621.159340739058,4621.159340739058,2311,2,119.115,26424.232741643646
4102,,,,1335.0,4623.159340739058,4623.159340739058,2312,2,119.076,42946.60291467073
4103,,,,1338.0,4625.159340739058,4625.159340739058,2313,2,119.034,46254.46100616794
4104,,,,1342.0,4627.159340739058,4627.159340739058,2314,2,118.997,40752.072506318735
4105,,,,1345.0,4629.159340739058,4629.159340739058,2315,2,118.968,31945.759173046124
4106,,,,1348.0,4631.159340739058,4631.159340739058,2316,2,118.951,18731.29358622918
4107,,,,1350.0,4633.159340739058,4633.159340739058,2317,2,118.946,5511.073538413986
4110,,,,1362.0,4639.159340739058,4639.159340739058,2320,2,118.943,3310.814929227347
4111,,,,1365.0,4641.159340739058,4641.159340739058,2321,2,118.934,9936.225544473242
4112,,,,1370.0,4643.159340739058,4643.159340739058,2322,2,118.932,2208.8994794833256
4118,,,,1393.0,4655.159340739058,4655.159340739058,2328,2,118.905,29893.56656733173
4119,,,,1396.0,4657.159340739058,4657.159340739058,2329,2,118.866,43186.159910669434
4120,,,,1397.0,4659.159340739058,4659.159340739058,2330,2,118.823,47619.52975526687
4121,,,,1401.0,4661.159340739058,4661.159340739058,2331,2,118.785,42086.09244810074
4122,,,,1404.0,4663.159340739058,4663.159340739058,2332,2,118.758,29907.92320048494
4123,,,,1406.0,4665.159340739058,4665.159340739058,2333,2,118.74,19943.38823592396
4124,,,,1411.0,4667.159340739058,4667.159340739058,2334,2,118.73,11083.103286442962
4125,,,,1415.0,4669.159340739058,4669.159340739058,2335,2,118.727,3326.17370872175
4131,,,,1433.0,4681.159340739058,4681.159340739058,2341,2,118.719,8892.180486579879
4132,,,,1436.0,4683.159340739058,4683.159340739058,2342,2,118.687,35577.92404631598
4133,,,,1439.0,4685.159340739058,4685.159340739058,2343,2,118.649,42254.36513715485
4134,,,,1443.0,4687.159340739058,4687.159340739058,2344,2,118.609,44482.64203460965
4135,,,,1446.0,4689.159340739058,4689.159340739058,2345,2,118.571,42262.64287258295
4136,,,,1449.0,4691.159340739058,4691.159340739058,2346,2,118.536,38930.73512315776
4137,,,,1452.0,4693.159340739058,4693.159340739058,2347,2,118.514,24475.29527789446
4138,,,,1454.0,4695.159340739058,4695.159340739058,2348,2,118.506,8902.77333553084
4145,,,,1474.0,4709.159340739058,4709.159340739058,2355,2,118.492,15624.858836105961
4146,,,,1476.0,4711.159340739058,4711.159340739058,2356,2,118.468,26792.55161715767
4147,,,,1477.0,4713.159340739058,4713.159340739058,2357,2,118.431,41312.08118249132
4148,,,,1478.0,4715.159340739058,4715.159340739058,2358,2,118.392,43549.669041523644
4149,,,,1479.0,4717.159340739058,4717.159340739058,2359,2,118.359,36854.14230561872
4150,,,,1480.0,4719.159340739058,4719.159340739058,2360,2,118.335,26807.92082392639
4151,,,,1481.0,4721.159340739058,4721.159340739058,2361,2,118.323,13407.601527127996
4152,,,,1483.0,4723.159340739058,4723.159340739058,2362,2,118.313,11176.695337541112
4153,,,,1484.0,4725.159340739058,4725.159340739058,2363,2,118.304,10062.477249549265
4154,,,,1485.0,4727.159340739058,4727.159340739058,2364,2,118.295,10065.970555736065
4155,,,,1488.0,4729.159340739058,4729.159340739058,2365,2,118.294,1118.8670792714554
4160,,,,1501.0,4739.159340739058,4739.159340739058,2370,2,118.293,1121.2234909368517
4161,,,,1504.0,4741.159340739058,4741.159340739058,2371,2,118.257,40374.764713867204
4162,,,,1505.0,4743.159340739058,4743.159340739058,2372,2,118.219,42622.4472339154
4163,,,,1505.0,4745.159340739058,4745.159340739058,2373,2,118.178,45991.39873957676
4164,,,,1507.0,4747.159340739058,4747.159340739058,2374,2,118.145,37021.47691709013
4165,,,,1509.0,4749.159340739058,4749.159340739058,2375,2,118.12,28051.503290983273
4166,,,,1511.0,4751.159340739058,4751.159340739058,2376,2,118.107,14590.57752860782
4173,,,,1532.0,4765.159340739058,4765.159340739058,2383,2,118.102,5627.867613578042
4174,,,,1533.0,4767.159340739058,4767.159340739058,2384,2,118.064,42781.956208881544
4175,,,,1534.0,4769.159340739058,4769.159340739058,2385,2,118.026,42786.131492689485
4176,,,,1536.0,4771.159340739058,4771.159340739058,2386,2,117.997,32656.99689129429
4177,,,,1537.0,4773.159340739058,4773.159340739058,2387,2,117.98,19148.04896973826
4178,,,,1540.0,4775.159340739058,4775.159340739058,2388,2,117.969,12393.634784179585
4179,,,,1542.0,4777.159340739058,4777.159340739058,2389,2,117.956,14651.667127020088
4180,,,,1545.0,4779.159340739058,4779.159340739058,2390,2,117.943,14656.185821178937
4181,,,,1547.0,4781.159340739058,4781.159340739058,2391,2,117.931,13533.014140050329
4182,,,,1549.0,4783.159340739058,4783.159340739058,2392,2,117.921,11281.176968309624
4188,,,,1571.0,4795.159340739058,4795.159340739058,2398,2,117.912,10177.711315241015
4189,,,,1575.0,4797.159340739058,4797.159340739058,2399,2,117.884,31672.227549455954
4190,,,,1579.0,4799.159340739058,4799.159340739058,2400,2,117.849,39596.20801046156
4191,,,,1582.0,4801.159340739058,4801.159340739058,2401,2,117.815,38469.65410578842
4192,,,,1585.0,4803.159340739058,4803.159340739058,2402,2,117.789,29422.732386198368
4193,,,,1588.0,4805.159340739058,4805.159340739058,2403,2,117.778,12451.306674613765
4201,,,,1619.0,4821.159340739058,4821.159340739058,2411,2,117.746,36335.959442195366
4202,,,,1622.0,4823.159340739058,4823.159340739058,2412,2,117.709,42018.56835521829
4203,,,,1629.0,4825.159340739058,4825.159340739058,2413,2,117.682,30666.57522415067
4204,,,,1632.0,4827.159340739058,4827.159340739058,2414,2,117.663,21584.90848588464
4205,,,,1634.0,4829.159340739058,4829.159340739058,2415,2,117.657,6818.38665637655
4212,,,,1653.0,4843.159340739058,4843.159340739058,2422,2,117.643,15954.335500257812
4213,,,,1657.0,4845.159340739058,4845.159340739058,2423,2,117.606,42173.29892073934
4214,,,,1662.0,4847.159340739058,4847.159340739058,2424,2,117.573,37618.35285765857
4215,,,,1667.0,4849.159340739058,4849.159340739058,2425,2,117.55,26223.424508465152
4216,,,,1670.0,4851.159340739058,4851.159340739058,2426,2,117.532,20527.564322513925
4217,,,,1672.0,4853.159340739058,4853.159340739058,2427,2,117.524,9126.113775969023
4224,,,,1675.0,4867.159340739058,4867.159340739058,2434,2,117.513,12583.587829657205
4225,,,,1673.0,4869.159340739058,4869.159340739058,2435,2,117.472,46911.35571503889
4226,,,,1673.0,4871.159340739058,4871.159340739058,2436,2,117.439,37761.534092449074
4227,,,,1674.0,4873.159340739058,4873.159340739058,2437,2,117.418,24034.40724903166
4228,,,,1676.0,4875.159340739058,4875.159340739058,2438,2,117.405,14882.39404432077
4229,,,,1678.0,4877.159340739058,4877.159340739058,2439,2,117.395,11451.570132061168
4230,,,,1682.0,4879.159340739058,4879.159340739058,2440,2,117.377,20618.819941392605
4231,,,,1685.0,4881.159340739058,4881.159340739058,2441,2,117.354,26352.466503849028
4232,,,,1688.0,4883.159340739058,4883.159340739058,2442,2,117.332,25212.20092690149
4233,,,,1689.0,4885.159340739058,4885.159340739058,2443,2,117.311,24071.637306954355
4234,,,,1690.0,4887.159340739058,4887.159340739058,2444,2,117.294,19491.384291291077
4235,,,,1694.0,4889.159340739058,4889.159340739058,2445,2,117.274,22936.806564765026
4236,,,,1696.0,4891.159340739058,4891.159340739058,2446,2,117.252,25236.288782022093
4237,,,,1699.0,4893.159340739058,4893.159340739058,2447,2,117.232,22947.35149707258
4238,,,,1702.0,4895.159340739058,4895.159340739058,2448,2,117.211,24100.352667739542
4239,,,,1704.0,4897.159340739058,4897.159340739058,2449,2,117.194,19514.616799516265
4240,,,,1706.0,4899.159340739058,4899.159340739058,2450,2,117.173,24112.226821431723
4241,,,,1710.0,4901.159340739058,4901.159340739058,2451,2,117.14,37897.37650401894
4242,,,,1713.0,4903.159340739058,4903.159340739058,2452,2,117.104,41347.283638036446
4243,,,,1718.0,4905.159340739058,4905.159340739058,2453,2,117.064,45945.254100094535
4244,,,,1724.0,4907.159340739058,4907.159340739058,2454,2,117.021,49393.772953897795
4245,,,,1730.0,4909.159340739058,4909.159340739058,2455,2,116.98,47098.67599057984
4246,,,,1736.0,4911.159340739058,4911.159340739058,2456,2,116.939,47101.3527548926
4247,,,,1741.0,4913.159340739058,4913.159340739058,2457,2,116.924,17235.0927435332
4252,,,,1773.0,4923.159340739058,4923.159340739058,2462,2,116.905,21872.371084234073
4253,,,,1779.0,4925.159340739058,4925.159340739058,2463,2,116.855,57565.26237455484
4254,,,,1783.0,4927.159340739058,4927.159340739058,2464,2,116.824,35692.58369512824
4260,,,,1819.0,4939.159340739058,4939.159340739058,2470,2,116.821,3462.029652501063
4261,,,,1823.0,4941.159340739058,4941.159340739058,2471,2,116.777,50786.777345826806
4262,,,,1828.0,4943.159340739058,4943.159340739058,2472,2,116.734,49634.12947506603
4263,,,,1833.0,4945.159340739058,4945.159340739058,2473,2,116.722,13853.725428619455
4264,,,,1838.0,4947.159340739058,4947.159340739058,2474,2,116.718,4619.459505997737
4269,,,,1861.0,4957.159340739058,4957.159340739058,2479,2,116.695,26612.504963610263
4270,,,,1865.0,4959.159340739058,4959.159340739058,2480,2,116.65,52073.776636399525
4271,,,,1869.0,4961.159340739058,4961.159340739058,2481,2,116.618,37032.950947068966
4272,,,,1872.0,4963.159340739058,4963.159340739058,2482,2,116.599,21992.369507403546
4277,,,,1892.0,4973.159340739058,4973.159340739058,2487,2,116.581,20873.543311324396
4278,,,,1897.0,4975.159340739058,4975.159340739058,2488,2,116.533,55669.40613874026
4279,,,,1901.0,4977.159340739058,4977.159340739058,2489,2,116.497,41753.7878822088
4280,,,,1905.0,4979.159340739058,4979.159340739058,2490,2,116.489,9280.595345286298
4284,,,,1922.0,4987.159340739058,4987.159340739058,2494,2,116.482,8133.044491405046
4285,,,,1925.0,4989.159340739058,4989.159340739058,2495,2,116.444,44159.98728683363
4286,,,,1930.0,4991.159340739058,4991.159340739058,2496,2,116.395,56944.6909371864
4287,,,,1935.0,4993.159340739058,4993.159340739058,2497,2,116.351,51134.06601246116
4288,,,,1939.0,4995.159340739058,4995.159340739058,2498,2,116.323,32542.823724526086
4289,,,,1943.0,4997.159340739058,4997.159340739058,2499,2,116.315,9300.23323768167
4295,,,,1965.0,5009.159340739058,5009.159340739058,2505,2,116.299,18643.20945417647
4296,,,,1968.0,5011.159340739058,5011.159340739058,2506,2,116.268,36128.339126334366
4297,,,,1970.0,5013.159340739058,5013.159340739058,2507,2,116.227,47786.91371792651
4298,,,,1971.0,5015.159340739058,5015.159340739058,2508,2,116.181,53615.90499488178
4299,,,,1973.0,5017.159340739058,5017.159340739058,2509,2,116.138,50120.00195788062
4300,,,,1973.0,5019.159340739058,5019.159340739058,2510,2,116.105,38466.93255145308
4301,,,,1976.0,5021.159340739058,5021.159340739058,2511,2,116.082,26814.502248520195
4302,,,,1977.0,5023.159340739058,5023.159340739058,2512,2,116.071,12827.556614731502
4303,,,,1979.0,5025.159340739058,5025.159340739058,2513,2,116.065,6999.122332331077
4304,,,,1981.0,5027.159340739058,5027.159340739058,2514,2,116.047,21003.552160158033
4305,,,,1982.0,5029.159340739058,5029.159340739058,2515,2,116.012,40847.1590608358
4306,,,,1983.0,5031.159340739058,5031.159340739058,2516,2,115.964,56021.19452291174
4307,,,,1988.0,5033.159340739058,5033.159340739058,2517,2,115.914,58353.94608059125
4308,,,,1988.0,5035.159340739058,5035.159340739058,2518,2,115.869,52517.89518635544
4309,,,,1987.0,5037.159340739058,5037.159340739058,2519,2,115.822,54852.03078630969
4310,,,,1984.0,5039.159340739058,5039.159340739058,2520,2,115.768,63019.02123297735
4311,,,,1983.0,5041.159340739058,5041.159340739058,2521,2,115.717,59514.59126954228
4312,,,,1980.0,5043.159340739058,5043.159340739058,2522,2,115.668,57178.659778779554
4313,,,,1980.0,5045.159340739058,5045.159340739058,2523,2,115.618,58343.73616412196
4314,,,,1978.0,5047.159340739058,5047.159340739058,2524,2,115.571,54841.84287882429
4315,,,,1974.0,5049.159340739058,5049.159340739058,2525,2,115.522,57174.44359693226
4316,,,,1970.0,5051.159340739058,5051.159340739058,2526,2,115.47,60672.42471867965
4317,,,,1966.0,5053.159340739058,5053.159340739058,2527,2,115.422,56003.235192094406
4318,,,,1960.0,5055.159340739058,5055.159340739058,2528,2,115.373,57168.56950223879
4319,,,,1953.0,5057.159340739058,5057.159340739058,2529,2,115.322,59499.730079703906
4320,,,,1948.0,5059.159340739058,5059.159340739058,2530,2,115.27,60663.286876392274
4321,,,,1944.0,5061.159340739058,5061.159340739058,2531,2,115.222,55994.72346075222
4322,,,,1939.0,5063.159340739058,5063.159340739058,2532,2,115.177,52494.608202597636
4323,,,,1934.0,5065.159340739058,5065.159340739058,2533,2,115.129,55993.756182158104
4324,,,,1929.0,5067.159340739058,5067.159340739058,2534,2,115.08,57158.77854894539
4325,,,,1925.0,5069.159340739058,5069.159340739058,2535,2,115.037,50159.488820543396
4326,,,,1921.0,5071.159340739058,5071.159340739058,2536,2,114.994,50160.52573531792
4327,,,,1919.0,5073.159340739058,5073.159340739058,2537,2,114.952,48995.213306156365
4328,,,,1917.0,5075.159340739058,5075.159340739058,2538,2,114.91,48996.623608002235
4329,,,,1916.0,5077.159340739058,5077.159340739058,2539,2,114.869,47831.60844237917
4330,,,,1916.0,5079.159340739058,5079.159340739058,2540,2,114.829,46666.909689970504
4331,,,,1915.0,5081.159340739058,5081.159340739058,2541,2,114.791,44335.96069717525
4332,,,,1913.0,5083.159340739058,5083.159340739058,2542,2,114.752,45505.34213750108
4333,,,,1912.0,5085.159340739058,5085.159340739058,2543,2,114.711,47841.09262996055
4334,,,,1911.0,5087.159340739058,5087.159340739058,2544,2,114.669,49009.48960230831
4335,,,,1912.0,5089.159340739058,5089.159340739058,2545,2,114.629,46677.3623405021
4336,,,,1911.0,5091.159340739058,5091.159340739058,2546,2,114.589,46679.41447062832
4337,,,,1911.0,5093.159340739058,5093.159340739058,2547,2,114.549,46681.45380072137
4338,,,,1909.0,5095.159340739058,5095.159340739058,2548,2,114.508,47850.358437591196
4339,,,,1907.0,5097.159340739058,5097.159340739058,2549,2,114.463,52519.57521337832
4340,,,,1905.0,5099.159340739058,5099.159340739058,2550,2,114.415,56020.0987962899
4341,,,,1904.0,5101.159340739058,5101.159340739058,2551,2,114.37,52518.093289696335
4342,,,,1904.0,5103.159340739058,5103.159340739058,2552,2,114.329,47850.584960787826
4343,,,,1905.0,5105.159340739058,5105.159340739058,2553,2,114.292,43184.42544463743
4344,,,,1905.0,5107.159340739058,5107.159340739058,2554,2,114.254,44354.39187016101
4345,,,,1904.0,5109.159340739058,5109.159340739058,2555,2,114.212,49025.30631353603
4346,,,,1902.0,5111.159340739058,5111.159340739058,2556,2,114.168,51360.609090467806
4347,,,,1900.0,5113.159340739058,5113.159340739058,2557,2,114.123,52527.97165755171
4348,,,,1898.0,5115.159340739058,5115.159340739058,2558,2,114.077,53694.850631613604
4349,,,,1898.0,5117.159340739058,5117.159340739058,2559,2,114.033,51360.109557499825
4350,,,,1898.0,5119.159340739058,5119.159340739058,2560,2,113.991,49026.22995953455
4351,,,,1899.0,5121.159340739058,5121.159340739058,2561,2,113.948,50194.4133756624
4352,,,,1900.0,5123.159340739058,5123.159340739058,2562,2,113.91,44359.40796035672
4353,,,,1900.0,5125.159340739058,5125.159340739058,2563,2,113.867,50197.91702367822
4354,,,,1898.0,5127.159340739058,5127.159340739058,2564,2,113.821,53700.06217482052
4355,,,,1895.0,5129.159340739058,5129.159340739058,2565,2,113.779,49030.65996999466
4356,,,,1890.0,5131.159340739058,5131.159340739058,2566,2,113.732,54867.57406022809
4357,,,,1886.0,5133.159340739058,5133.159340739058,2567,2,113.686,53699.150223791956
4358,,,,1881.0,5135.159340739058,5135.159340739058,2568,2,113.641,52531.216535350446
4359,,,,1876.0,5137.159340739058,5137.159340739058,2569,2,113.598,50196.606911506155
4360,,,,1870.0,5139.159340739058,5139.159340739058,2570,2,113.551,54865.68053920476
4361,,,,1861.0,5141.159340739058,5141.159340739058,2571,2,113.503,56031.398061706095
4362,,,,1853.0,5143.159340739058,5143.159340739058,2572,2,113.453,58363.54356683537
4363,,,,1844.0,5145.159340739058,5145.159340739058,2573,2,113.405,56026.586770628426
4364,,,,1834.0,5147.159340739058,5147.159340739058,2574,2,113.358,54857.70879844507
4365,,,,1826.0,5149.159340739058,5149.159340739058,2575,2,113.31,56023.183173440884
4366,,,,1819.0,5151.159340739058,5151.159340739058,2576,2,113.263,54854.34038953227
4367,,,,1814.0,5153.159340739058,5153.159340739058,2577,2,113.22,50185.42843965741
4368,,,,1810.0,5155.159340739058,5155.159340739058,2578,2,113.179,47852.039702939546
4369,,,,1809.0,5157.159340739058,5157.159340739058,2579,2,113.139,46686.319507102584
4370,,,,1809.0,5159.159340739058,5159.159340739058,2580,2,113.105,39685.78076012014
4371,,,,1810.0,5161.159340739058,5161.159340739058,2581,2,113.087,21013.43316480888
4372,,,,1813.0,5163.159340739058,5163.159340739058,2582,2,113.077,11677.207691395059
4373,,,,1817.0,5165.159340739058,5165.159340739058,2583,2,113.075,2336.2222304481943
4381,,,,1855.0,5181.159340739058,5181.159340739058,2591,2,113.062,15231.473787883337
4382,,,,1858.0,5183.159340739058,5183.159340739058,2592,2,113.033,33984.70592318326
4383,,,,1860.0,5185.159340739058,5185.159340739058,2593,2,113.003,35160.980302300144
4384,,,,1863.0,5187.159340739058,5187.159340739058,2594,2,112.969,39853.1941985536
4385,,,,1864.0,5189.159340739058,5189.159340739058,2595,2,112.933,42200.69304208379
4386,,,,1865.0,5191.159340739058,5191.159340739058,2596,2,112.895,44547.74700082876
4387,,,,1867.0,5193.159340739058,5193.159340739058,2597,2,112.858,43377.738124035524
4388,,,,1869.0,5195.159340739058,5195.159340739058,2598,2,112.816,49241.32034060361
4389,,,,1872.0,5197.159340739058,5197.159340739058,2599,2,112.773,50414.14507628075
4390,,,,1875.0,5199.159340739058,5199.159340739058,2600,2,112.739,39864.07592244778
4391,,,,1878.0,5201.159340739058,5201.159340739058,2601,2,112.726,15244.832079882646
4400,,,,1894.0,5219.159340739058,5219.159340739058,2610,2,112.678,56468.13081791958
4401,,,,1895.0,5221.159340739058,5221.159340739058,2611,2,112.626,61170.100373496556
4402,,,,1898.0,5223.159340739058,5223.159340739058,2612,2,112.579,55285.2351685768
4403,,,,1900.0,5225.159340739058,5225.159340739058,2613,2,112.539,47051.09681873045
4404,,,,1902.0,5227.159340739058,5227.159340739058,2614,2,112.492,55284.825999471526
4405,,,,1905.0,5229.159340739058,5229.159340739058,2615,2,112.447,52930.88428259464
4406,,,,1907.0,5231.159340739058,5231.159340739058,2616,2,112.401,54105.922910546426
4407,,,,1910.0,5233.159340739058,5233.159340739058,2617,2,112.359,49400.60552383132
4408,,,,1912.0,5235.159340739058,5235.159340739058,2618,2,112.316,50577.00526985434
4409,,,,1915.0,5237.159340739058,5237.159340739058,2619,2,112.275,48224.97299332922
4410,,,,1919.0,5239.159340739058,5239.159340739058,2620,2,112.232,50577.80168279355
4411,,,,1923.0,5241.159340739058,5241.159340739058,2621,2,112.19,49401.72138583019
4412,,,,1928.0,5243.159340739058,5243.159340739058,2622,2,112.15,47050.014660046654
4413,,,,1932.0,5245.159340739058,5245.159340739058,2623,2,112.117,38818.432945695844
4414,,,,1935.0,5247.159340739058,5247.159340739058,2624,2,112.084,38821.80625465171
4415,,,,1937.0,5249.159340739058,5249.159340739058,2625,2,112.055,34119.698438739164
4416,,,,1939.0,5251.159340739058,5251.159340739058,2626,2,112.03,29417.65102174449
4417,,,,1942.0,5253.159340739058,5253.159340739058,2627,2,112.009,24715.16387633753
4418,,,,1945.0,5255.159340739058,5255.159340739058,2628,2,111.987,25896.96277714665
4419,,,,1947.0,5257.159340739058,5257.159340739058,2629,2,111.965,25901.729670888086
4420,,,,1949.0,5259.159340739058,5259.159340739058,2630,2,111.94,29438.801804711165
4421,,,,1950.0,5261.159340739058,5261.159340739058,2631,2,111.909,36508.86297520825
4422,,,,1951.0,5263.159340739058,5263.159340739058,2632,2,111.87,45933.59683034033
4423,,,,1952.0,5265.159340739058,5265.159340739058,2633,2,111.828,49467.835796597
4424,,,,1953.0,5267.159340739058,5267.159340739058,2634,2,111.788,47112.84412555557
4425,,,,1953.0,5269.159340739058,5269.159340739058,2635,2,111.747,48291.50286251257
4426,,,,1951.0,5271.159340739058,5271.159340739058,2636,2,111.702,53002.587758798094
4427,,,,1948.0,5273.159340739058,5273.159340739058,2637,2,111.653,57711.538722978876
4428,,,,1944.0,5275.159340739058,5275.159340739058,2638,2,111.603,58885.54868881535
4429,,,,1940.0,5277.159340739058,5277.159340739058,2639,2,111.556,55349.34326203593
4430,,,,1937.0,5279.159340739058,5279.159340739058,2640,2,111.509,55346.996882068546
4431,,,,1934.0,5281.159340739058,5281.159340739058,2641,2,111.464,52990.01737571946
4432,,,,1930.0,5283.159340739058,5283.159340739058,2642,2,111.414,58874.999377258646
4433,,,,1925.0,5285.159340739058,5285.159340739058,2643,2,111.36,63579.38869658777
4434,,,,1922.0,5287.159340739058,5287.159340739058,2644,2,111.313,55333.45869837477
4435,,,,1918.0,5289.159340739058,5289.159340739058,2645,2,111.271,49445.8541933625
4436,,,,1913.0,5291.159340739058,5291.159340739058,2646,2,111.224,55331.05538333015
4437,,,,1907.0,5293.159340739058,5293.159340739058,2647,2,111.171,62390.125093930925
4438,,,,1902.0,5295.159340739058,5295.159340739058,2648,2,111.115,65914.2281960829
4439,,,,1898.0,5297.159340739058,5297.159340739058,2649,2,111.065,58846.14311626685
4440,,,,1896.0,5299.159340739058,5299.159340739058,2650,2,111.019,54135.49113931078
4441,,,,1892.0,5301.159340739058,5301.159340739058,2651,2,110.973,54133.4883609975
4442,,,,1887.0,5303.159340739058,5303.159340739058,2652,2,110.919,63543.346151507045
4443,,,,1883.0,5305.159340739058,5305.159340739058,2653,2,110.865,63536.37079823186
4444,,,,1880.0,5307.159340739058,5307.159340739058,2654,2,110.811,63529.37211693995
4445,,,,1878.0,5309.159340739058,5309.159340739058,2655,2,110.762,57641.95176768095
4446,,,,1876.0,5311.159340739058,5311.159340739058,2656,2,110.714,56462.127655179276
4447,,,,1874.0,5313.159340739058,5313.159340739058,2657,2,110.665,57634.87318297117
4448,,,,1873.0,5315.159340739058,5315.159340739058,2658,2,110.614,59982.79033173158
4449,,,,1873.0,5317.159340739058,5317.159340739058,2659,2,110.568,54098.757115961555
4450,,,,1875.0,5319.159340739058,5319.159340739058,2660,2,110.524,51745.03738635431
4451,,,,1877.0,5321.159340739058,5321.159340739058,2661,2,110.476,56446.85828656207
4452,,,,1879.0,5323.159340739058,5323.159340739058,2662,2,110.426,58794.82723439363
4453,,,,1881.0,5325.159340739058,5325.159340739058,2663,2,110.378,56439.19118748439
4454,,,,1884.0,5327.159340739058,5327.159340739058,2664,2,110.338,47031.57204202983
4455,,,,1887.0,5329.159340739058,5329.159340739058,2665,2,110.31,32924.31380602108
4456,,,,1895.0,5331.159340739058,5331.159340739058,2666,2,110.301,10585.01153987846
4460,,,,1902.0,5339.159340739058,5339.159340739058,2670,2,110.3,1177.823889732001
4461,,,,1903.0,5341.159340739058,5341.159340739058,2671,2,110.273,31809.119560151783
4462,,,,1904.0,5343.159340739058,5343.159340739058,2672,2,110.23,50661.85455676309
4463,,,,1906.0,5345.159340739058,5345.159340739058,2673,2,110.177,62439.85834515329
4464,,,,1907.0,5347.159340739058,5347.159340739058,2674,2,110.121,65966.23647299712
4465,,,,1909.0,5349.159340739058,5349.159340739058,2675,2,110.073,56536.934009987555
4466,,,,1909.0,5351.159340739058,5351.159340739058,2676,2,110.026,55355.88652765084
4467,,,,1909.0,5353.159340739058,5353.159340739058,2677,2,109.98,54175.45000024821
4468,,,,1907.0,5355.159340739058,5355.159340739058,2678,2,109.931,57705.26384328985
4469,,,,1904.0,5357.159340739058,5357.159340739058,2679,2,109.874,67119.23330679802
4470,,,,1904.0,5359.159340739058,5359.159340739058,2680,2,109.816,68286.51550287532
4471,,,,1905.0,5361.159340739058,5361.159340739058,2681,2,109.761,64745.30065088834
4472,,,,1903.0,5363.159340739058,5363.159340739058,2682,2,109.714,55322.73162650564
4473,,,,1900.0,5365.159340739058,5365.159340739058,2683,2,109.663,60026.62059536121
4474,,,,1895.0,5367.159340739058,5367.159340739058,2684,2,109.607,65903.99360405271
4475,,,,1891.0,5369.159340739058,5369.159340739058,2685,2,109.545,72953.04448617925
4476,,,,1888.0,5371.159340739058,5371.159340739058,2686,2,109.486,69410.57369212064
4477,,,,1883.0,5373.159340739058,5373.159340739058,2687,2,109.431,64695.175786819505
4478,,,,1877.0,5375.159340739058,5375.159340739058,2688,2,109.376,64686.73694279132
4479,,,,1871.0,5377.159340739058,5377.159340739058,2689,2,109.313,74083.31274121649
4480,,,,1867.0,5379.159340739058,5379.159340739058,2690,2,109.255,68191.30172963411
4481,,,,1864.0,5381.159340739058,5381.159340739058,2691,2,109.204,59953.69710934648
4482,,,,1858.0,5383.159340739058,5383.159340739058,2692,2,109.157,55247.186669743234
4483,,,,1850.0,5385.159340739058,5385.159340739058,2693,2,109.104,62294.62393205632
4484,,,,1844.0,5387.159340739058,5387.159340739058,2694,2,109.042,72861.61021577868
4485,,,,1839.0,5389.159340739058,5389.159340739058,2695,2,108.983,69323.31645061042
4486,,,,1835.0,5391.159340739058,5391.159340739058,2696,2,108.929,63439.10896999541
4487,,,,1832.0,5393.159340739058,5393.159340739058,2697,2,108.874,64605.545614012415
4488,,,,1830.0,5395.159340739058,5395.159340739058,2698,2,108.824,58725.769908007234
4489,,,,1829.0,5397.159340739058,5397.159340739058,2699,2,108.775,57546.40729387949
4490,,,,1829.0,5399.159340739058,5399.159340739058,2700,2,108.729,54019.58264942058
4491,,,,1828.0,5401.159340739058,5401.159340739058,2701,2,108.685,51668.656903923824
4492,,,,1826.0,5403.159340739058,5403.159340739058,2702,2,108.64,52840.87216767722
4493,,,,1822.0,5405.159340739058,5405.159340739058,2703,2,108.591,57534.240268663976
4494,,,,1819.0,5407.159340739058,5407.159340739058,2704,2,108.535,65745.95322496622
4495,,,,1818.0,5409.159340739058,5409.159340739058,2705,2,108.485,58694.78800635618
4496,,,,1817.0,5411.159340739058,5411.159340739058,2706,2,108.442,50474.54217927304
4497,,,,1813.0,5413.159340739058,5413.159340739058,2707,2,108.401,48126.034147875325
4498,,,,1807.0,5415.159340739058,5415.159340739058,2708,2,108.354,55166.85455638557
4499,,,,1803.0,5417.159340739058,5417.159340739058,2709,2,108.303,59856.94005561388
4500,,,,1802.0,5419.159340739058,5419.159340739058,2710,2,108.255,56330.99080856705
4501,,,,1805.0,5421.159340739058,5421.159340739058,2711,2,108.214,48114.030594544434
4502,,,,1806.0,5423.159340739058,5423.159340739058,2712,2,108.174,46940.264136944395
4503,,,,1807.0,5425.159340739058,5425.159340739058,2713,2,108.137,43420.300759727645
4504,,,,1808.0,5427.159340739058,5427.159340739058,2714,2,108.099,44594.79463375007
4505,,,,1810.0,5429.159340739058,5429.159340739058,2715,2,108.061,44595.549157574016
4506,,,,1813.0,5431.159340739058,5431.159340739058,2716,2,108.026,41076.10249619251
4507,,,,1816.0,5433.159340739058,5433.159340739058,2717,2,107.99,42251.376533368784
4508,,,,1818.0,5435.159340739058,5435.159340739058,2718,2,107.953,43426.33070012746
4509,,,,1819.0,5437.159340739058,5437.159340739058,2719,2,107.917,42253.90512787386
4510,,,,1822.0,5439.159340739058,5439.159340739058,2720,2,107.882,41081.78013002118
4511,,,,1825.0,5441.159340739058,5441.159340739058,2721,2,107.848,39909.92435564673
4512,,,,1829.0,5443.159340739058,5443.159340739058,2722,2,107.814,39912.00941125094
4513,,,,1831.0,5445.159340739058,5445.159340739058,2723,2,107.782,37566.54634322716
4514,,,,1833.0,5447.159340739058,5447.159340739058,2724,2,107.749,38743.04609567286
4515,,,,1837.0,5449.159340739058,5449.159340739058,2725,2,107.718,36397.534485791955
4516,,,,1840.0,5451.159340739058,5451.159340739058,2726,2,107.686,37574.448852237656
4517,,,,1841.0,5453.159340739058,5453.159340739058,2727,2,107.656,35228.82716260425
4518,,,,1843.0,5455.159340739058,5455.159340739058,2728,2,107.624,37580.3744919903
4519,,,,1844.0,5457.159340739058,5457.159340739058,2729,2,107.593,36408.67731690123
4520,,,,1844.0,5459.159340739058,5459.159340739058,2730,2,107.561,37585.91900151174
4521,,,,1844.0,5461.159340739058,5461.159340739058,2731,2,107.527,39937.414569557084
4522,,,,1846.0,5463.159340739058,5463.159340739058,2732,2,107.492,41113.907040019
4523,,,,1849.0,5465.159340739058,5465.159340739058,2733,2,107.458,39941.02400993034
4524,,,,1851.0,5467.159340739058,5467.159340739058,2734,2,107.423,41117.60332040323
4525,,,,1852.0,5469.159340739058,5469.159340739058,2735,2,107.389,39944.59591430359
4526,,,,1854.0,5471.159340739058,5471.159340739058,2736,2,107.352,43470.64243560742
4527,,,,1855.0,5473.159340739058,5473.159340739058,2737,2,107.318,39947.3859330065
4528,,,,1857.0,5475.159340739058,5475.159340739058,2738,2,107.283,41124.113438863984
4529,,,,1858.0,5477.159340739058,5477.159340739058,2739,2,107.25,38776.03701994496
4530,,,,1859.0,5479.159340739058,5479.159340739058,2740,2,107.213,43477.84713864528
4531,,,,1861.0,5481.159340739058,5481.159340739058,2741,2,107.179,39953.96825490114
4532,,,,1864.0,5483.159340739058,5483.159340739058,2742,2,107.143,42305.82034413316
4533,,,,1868.0,5485.159340739058,5485.159340739058,2743,2,107.11,38781.99085963653
4534,,,,1871.0,5487.159340739058,5487.159340739058,2744,2,107.075,41134.352818862826
4535,,,,1874.0,5489.159340739058,5489.159340739058,2745,2,107.038,43486.11383518271
4536,,,,1877.0,5491.159340739058,5491.159340739058,2746,2,107.0,44662.03699297417
4537,,,,1881.0,5493.159340739058,5493.159340739058,2747,2,106.966,39961.87727102658
4538,,,,1883.0,5495.159340739058,5495.159340739058,2748,2,106.933,38788.49989820131
4539,,,,1884.0,5497.159340739058,5497.159340739058,2749,2,106.897,42316.47294588999
4540,,,,1882.0,5499.159340739058,5499.159340739058,2750,2,106.86,43492.90071834649
4541,,,,1879.0,5501.159340739058,5501.159340739058,2751,2,106.822,44668.951749412656
4542,,,,1877.0,5503.159340739058,5503.159340739058,2752,2,106.779,50545.65454867924
4543,,,,1875.0,5505.159340739058,5505.159340739058,2753,2,106.737,49368.46327548598
4544,,,,1871.0,5507.159340739058,5507.159340739058,2754,2,106.693,51717.29279612963
4545,,,,1867.0,5509.159340739058,5509.159340739058,2755,2,106.648,52889.83033106952
4546,,,,1862.0,5511.159340739058,5511.159340739058,2756,2,106.599,57586.671600785565
4547,,,,1861.0,5513.159340739058,5513.159340739058,2757,2,106.552,55231.36505197646
4548,,,,1859.0,5515.159340739058,5515.159340739058,2758,2,106.51,49352.976937176776
4549,,,,1855.0,5517.159340739058,5517.159340739058,2759,2,106.467,50526.20593124853
4550,,,,1851.0,5519.159340739058,5519.159340739058,2760,2,106.423,51698.84861019367
4551,,,,1846.0,5521.159340739058,5521.159340739058,2761,2,106.377,54045.5245546341
4552,,,,1844.0,5523.159340739058,5523.159340739058,2762,2,106.331,54041.7281442874
4553,,,,1840.0,5525.159340739058,5525.159340739058,2763,2,106.292,45816.26222573421
4554,,,,1834.0,5527.159340739058,5527.159340739058,2764,2,106.251,48165.12013810303
4555,,,,1828.0,5529.159340739058,5529.159340739058,2765,2,106.203,56385.21689171618
4556,,,,1824.0,5531.159340739058,5531.159340739058,2766,2,106.155,56380.12489347406
4557,,,,1821.0,5533.159340739058,5533.159340739058,2767,2,106.107,56375.01446323193
4558,,,,1819.0,5535.159340739058,5535.159340739058,2768,2,106.06,55195.77313678597
4559,,,,1819.0,5537.159340739058,5537.159340739058,2769,2,106.014,54017.226381290784
4560,,,,1820.0,5539.159340739058,5539.159340739058,2770,2,105.971,50491.40379239327
4561,,,,1821.0,5541.159340739058,5541.159340739058,2771,2,105.93,48141.2654239361
4562,,,,1819.0,5543.159340739058,5543.159340739058,2772,2,105.893,43444.239718241886
4563,,,,1817.0,5545.159340739058,5545.159340739058,2773,2,105.85,50488.39299431022
4564,,,,1816.0,5547.159340739058,5547.159340739058,2774,2,105.805,52833.78046187096
4565,,,,1816.0,5549.159340739058,5549.159340739058,2775,2,105.76,52830.35531655765
4566,,,,1816.0,5551.159340739058,5551.159340739058,2776,2,105.72,46958.36709518718
4567,,,,1816.0,5553.159340739058,5553.159340739058,2777,2,105.682,44610.06165613103
4568,,,,1815.0,5555.159340739058,5555.159340739058,2778,2,105.645,43436.340846020634
4569,,,,1812.0,5557.159340739058,5557.159340739058,2779,2,105.604,48131.71849643946
4570,,,,1808.0,5559.159340739058,5559.159340739058,2780,2,105.563,48130.3510207359
4571,,,,1806.0,5561.159340739058,5561.159340739058,2781,2,105.52,50476.24647622005
4572,,,,1807.0,5563.159340739058,5563.159340739058,2782,2,105.474,53994.48912922618
4573,,,,1807.0,5565.159340739058,5565.159340739058,2783,2,105.433,48122.97350416362
4574,,,,1804.0,5567.159340739058,5567.159340739058,2784,2,105.391,49295.013635784664
4575,,,,1799.0,5569.159340739058,5569.159340739058,2785,2,105.345,53986.62869018697
4576,,,,1798.0,5571.159340739058,5571.159340739058,2786,2,105.297,56328.96700089605
4577,,,,1796.0,5573.159340739058,5573.159340739058,2787,2,105.253,51630.86276447118
4578,,,,1793.0,5575.159340739058,5575.159340739058,2788,2,105.21,50454.68469419594
4579,,,,1787.0,5577.159340739058,5577.159340739058,2789,2,105.162,56317.3519118234
4580,,,,1782.0,5579.159340739058,5579.159340739058,2790,2,105.11,61003.3316305938
4581,,,,1778.0,5581.159340739058,5581.159340739058,2791,2,105.06,58649.61293215306
4582,,,,1775.0,5583.159340739058,5583.159340739058,2792,2,105.018,49261.75581532062
4583,,,,1769.0,5585.159340739058,5585.159340739058,2793,2,104.98,44569.147066983925
4584,,,,1763.0,5587.159340739058,5587.159340739058,2794,2,104.938,49259.50320855086
4585,,,,1759.0,5589.159340739058,5589.159340739058,2795,2,104.895,50429.97309365532
4586,,,,1757.0,5591.159340739058,5591.159340739058,2796,2,104.853,49254.84855485798
4587,,,,1751.0,5593.159340739058,5593.159340739058,2797,2,104.811,49252.734720687185
4588,,,,1745.0,5595.159340739058,5595.159340739058,2798,2,104.764,55112.45938527644
4589,,,,1741.0,5597.159340739058,5597.159340739058,2799,2,104.718,53935.19011875911
4590,,,,1740.0,5599.159340739058,5599.159340739058,2800,2,104.676,49242.07558177987
4591,,,,1734.0,5601.159340739058,5601.159340739058,2801,2,104.638,44551.240517399434
4592,,,,1728.0,5603.159340739058,5603.159340739058,2802,2,104.595,50411.731048664245
4593,,,,1725.0,5605.159340739058,5605.159340739058,2803,2,104.546,57441.16285438494
4594,,,,1725.0,5607.159340739058,5607.159340739058,2804,2,104.499,55090.98534609863
4595,,,,1723.0,5609.159340739058,5609.159340739058,2805,2,104.455,51570.476358927124
4596,,,,1719.0,5611.159340739058,5611.159340739058,2806,2,104.416,45708.33004372253
4597,,,,1715.0,5613.159340739058,5613.159340739058,2807,2,104.373,50394.5348005142
4598,,,,1711.0,5615.159340739058,5615.159340739058,2808,2,104.327,53906.6527029707
4599,,,,1709.0,5617.159340739058,5617.159340739058,2809,2,104.284,50387.45277092019
4600,,,,1707.0,5619.159340739058,5619.159340739058,2810,2,104.241,50384.613665694786
4601,,,,1703.0,5621.159340739058,5621.159340739058,2811,2,104.199,49210.327025315135
4602,,,,1701.0,5623.159340739058,5623.159340739058,2812,2,104.153,53893.4387682275
4603,,,,1700.0,5625.159340739058,5625.159340739058,2813,2,104.107,53888.801477914145
4604,,,,1698.0,5627.159340739058,5627.159340739058,2814,2,104.065,49199.51459977578
4605,,,,1695.0,5629.159340739058,5629.159340739058,2815,2,104.023,49197.14137362165
4606,,,,1691.0,5631.159340739058,5631.159340739058,2816,2,103.979,51536.86582846225
4607,,,,1690.0,5633.159340739058,5633.159340739058,2817,2,103.929,58558.94461071548
4608,,,,1690.0,5635.159340739058,5635.159340739058,2818,2,103.885,51526.86014239566
4609,,,,1688.0,5637.159340739058,5637.159340739058,2819,2,103.843,49181.82509238968
4610,,,,1684.0,5639.159340739058,5639.159340739058,2820,2,103.799,51520.75824850495
4611,,,,1681.0,5641.159340739058,5641.159340739058,2821,2,103.751,56199.485816180924
4612,,,,1680.0,5643.159340739058,5643.159340739058,2822,2,103.705,53852.53415285624
4613,,,,1676.0,5645.159340739058,5645.159340739058,2823,2,103.659,53847.7297905096
4614,,,,1672.0,5647.159340739058,5647.159340739058,2824,2,103.613,53842.90850019622
4615,,,,1670.0,5649.159340739058,5649.159340739058,2825,2,103.567,53838.07028186622
4616,,,,1669.0,5651.159340739058,5651.159340739058,2826,2,103.523,51493.13786643707
4617,,,,1665.0,5653.159340739058,5653.159340739058,2827,2,103.478,52659.43365115665
4618,,,,1664.0,5655.159340739058,5655.159340739058,2828,2,103.43,56164.69002592008
4619,,,,1666.0,5657.159340739058,5657.159340739058,2829,2,103.384,53819.06858720553
4620,,,,1669.0,5659.159340739058,5659.159340739058,2830,2,103.342,49135.60570269401
4621,,,,1671.0,5661.159340739058,5661.159340739058,2831,2,103.308,39775.87164395712
4622,,,,1671.0,5663.159340739058,5663.159340739058,2832,2,103.275,38607.11072090206
4623,,,,1673.0,5665.159340739058,5665.159340739058,2833,2,103.247,32759.441046313914
4624,,,,1674.0,5667.159340739058,5667.159340739058,2834,2,103.219,32762.120172467636
4625,,,,1675.0,5669.159340739058,5669.159340739058,2835,2,103.19,33934.799800511384
4626,,,,1675.0,5671.159340739058,5671.159340739058,2836,2,103.155,40957.538095764045
4627,,,,1674.0,5673.159340739058,5673.159340739058,2837,2,103.111,51487.91492137924
4628,,,,1675.0,5675.159340739058,5675.159340739058,2838,2,103.065,53823.756002873524
4629,,,,1674.0,5677.159340739058,5677.159340739058,2839,2,103.021,51479.25463540059
4630,,,,1671.0,5679.159340739058,5679.159340739058,2840,2,102.97,59662.641299669405
4631,,,,1671.0,5681.159340739058,5681.159340739058,2841,2,102.916,63162.24328948209
4632,,,,1670.0,5683.159340739058,5683.159340739058,2842,2,102.869,54966.92041189394
4633,,,,1668.0,5685.159340739058,5685.159340739058,2843,2,102.824,52622.88661236075
4634,,,,1664.0,5687.159340739058,5687.159340739058,2844,2,102.779,52618.36598703076
4635,,,,1659.0,5689.159340739058,5689.159340739058,2845,2,102.728,59627.2655005026
4636,,,,1656.0,5691.159340739058,5691.159340739058,2846,2,102.679,57281.19436844729
4637,,,,1655.0,5693.159340739058,5693.159340739058,2847,2,102.631,56105.40212386466
4638,,,,1655.0,5695.159340739058,5695.159340739058,2848,2,102.59,47919.4180976945
4639,,,,1652.0,5697.159340739058,5697.159340739058,2849,2,102.551,45580.11760842522
4640,,,,1648.0,5699.159340739058,5699.159340739058,2850,2,102.509,49084.12380530382
4641,,,,1647.0,5701.159340739058,5701.159340739058,2851,2,102.461,56091.198243423794
4642,,,,1645.0,5703.159340739058,5703.159340739058,2852,2,102.419,49075.458000687824
4643,,,,1642.0,5705.159340739058,5705.159340739058,2853,2,102.378,47904.380217715094
4644,,,,1637.0,5707.159340739058,5707.159340739058,2854,2,102.332,53742.37907757143
4645,,,,1633.0,5709.159340739058,5709.159340739058,2855,2,102.284,56072.896687889355
4646,,,,1630.0,5711.159340739058,5711.159340739058,2856,2,102.237,54898.44491779592
4647,,,,1627.0,5713.159340739058,5713.159340739058,2857,2,102.193,51389.41121719698
4648,,,,1622.0,5715.159340739058,5715.159340739058,2858,2,102.15,50217.67062207042
4649,,,,1618.0,5717.159340739058,5717.159340739058,2859,2,102.102,56051.57902390457
4650,,,,1617.0,5719.159340739058,5719.159340739058,2860,2,102.059,50208.05947708639
4651,,,,1616.0,5721.159340739058,5721.159340739058,2861,2,102.023,42033.0830607631
4652,,,,1611.0,5723.159340739058,5723.159340739058,2862,2,101.983,46702.3537786632
4653,,,,1608.0,5725.159340739058,5725.159340739058,2863,2,101.939,51369.38149562938
4654,,,,1607.0,5727.159340739058,5727.159340739058,2864,2,101.894,52532.2831455243
4655,,,,1606.0,5729.159340739058,5729.159340739058,2865,2,101.853,47859.26015611287
4656,,,,1606.0,5731.159340739058,5731.159340739058,2866,2,101.814,45522.67314856349
4657,,,,1605.0,5733.159340739058,5733.159340739058,2867,2,101.779,40853.08883806407
4658,,,,1602.0,5735.159340739058,5735.159340739058,2868,2,101.741,44354.34590303025
4659,,,,1599.0,5737.159340739058,5737.159340739058,2869,2,101.699,49021.04324375992
4660,,,,1596.0,5739.159340739058,5739.159340739058,2870,2,101.657,49017.8844496058
4661,,,,1595.0,5741.159340739058,5741.159340739058,2871,2,101.615,49014.71154345167
4662,,,,1594.0,5743.159340739058,5743.159340739058,2872,2,101.576,45511.373294562014
4663,,,,1593.0,5745.159340739058,5745.159340739058,2873,2,101.539,43176.33746127649
4664,,,,1595.0,5747.159340739058,5747.159340739058,2874,2,101.502,43175.632249018134
4665,,,,1596.0,5749.159340739058,5749.159340739058,2875,2,101.47,37341.3878306675
4666,,,,1597.0,5751.159340739058,5751.159340739058,2876,2,101.435,40842.86451113907
4667,,,,1597.0,5753.159340739058,5753.159340739058,2877,2,101.395,46676.53236329142
4668,,,,1597.0,5755.159340739058,5755.159340739058,2878,2,101.356,45507.70814827493
4669,,,,1598.0,5757.159340739058,5757.159340739058,2879,2,101.321,40839.532429599974
4670,,,,1599.0,5759.159340739058,5759.159340739058,2880,2,101.288,38506.29799063885
4671,,,,1600.0,5761.159340739058,5761.159340739058,2881,2,101.258,35006.99339488133
4672,,,,1600.0,5763.159340739058,5763.159340739058,2882,2,101.231,31508.362037167793
4673,,,,1601.0,5765.159340739058,5765.159340739058,2883,2,101.205,30343.970703843774
4674,,,,1602.0,5767.159340739058,5767.159340739058,2884,2,101.176,33847.74076160098
4675,,,,1603.0,5769.159340739058,5769.159340739058,2885,2,101.144,37350.922170182326
4676,,,,1604.0,5771.159340739058,5771.159340739058,2886,2,101.11,39686.16208426951
4677,,,,1607.0,5773.159340739058,5773.159340739058,2887,2,101.073,43187.68297458703
4678,,,,1611.0,5775.159340739058,5775.159340739058,2888,2,101.042,36184.63623474803
4679,,,,1616.0,5777.159340739058,5777.159340739058,2889,2,101.01,37353.17117167615
4680,,,,1622.0,5779.159340739058,5779.159340739058,2890,2,100.98,35019.9718570778
4681,,,,1628.0,5781.159340739058,5781.159340739058,2891,2,100.951,33854.46331822093
4682,,,,1636.0,5783.159340739058,5783.159340739058,2892,2,100.922,33856.44804219321
4683,,,,1642.0,5785.159340739058,5785.159340739058,2893,2,100.901,24519.142486146487
4684,,,,1649.0,5787.159340739058,5787.159340739058,2894,2,100.886,17516.60282834635
4685,,,,1655.0,5789.159340739058,5789.159340739058,2895,2,100.883,3504.21867306487
4691,,,,1684.0,5801.159340739058,5801.159340739058,2901,2,100.88,3511.3779361967368
4692,,,,1687.0,5803.159340739058,5803.159340739058,2902,2,100.854,30438.05820755659
4693,,,,1688.0,5805.159340739058,5805.159340739058,2903,2,100.821,38634.9318314386
4694,,,,1695.0,5807.159340739058,5807.159340739058,2904,2,100.78,47999.894340342005
4695,,,,1704.0,5809.159340739058,5809.159340739058,2905,2,100.74,46826.47161383672
4696,,,,1711.0,5811.159340739058,5811.159340739058,2906,2,100.699,47994.359184000816
4697,,,,1717.0,5813.159340739058,5813.159340739058,2907,2,100.66,45650.7461159849
4698,,,,1725.0,5815.159340739058,5815.159340739058,2908,2,100.616,51499.88850452657
4699,,,,1731.0,5817.159340739058,5817.159340739058,2909,2,100.587,33942.46741420264
4700,,,,1738.0,5819.159340739058,5819.159340739058,2910,2,100.58,8194.359789695034
4704,,,,1761.0,5827.159340739058,5827.159340739058,2914,2,100.578,2344.3594373233113
4705,,,,1769.0,5829.159340739058,5829.159340739058,2915,2,100.545,38688.4744648877
4706,,,,1773.0,5831.159340739058,5831.159340739058,2916,2,100.505,46894.18341823084
4707,,,,1779.0,5833.159340739058,5833.159340739058,2917,2,100.458,55095.71242786487
4708,,,,1786.0,5835.159340739058,5835.159340739058,2918,2,100.421,43369.95600869843
4709,,,,1791.0,5837.159340739058,5837.159340739058,2919,2,100.397,28132.959947725936
4710,,,,1797.0,5839.159340739058,5839.159340739058,2920,2,100.387,11724.097690715509
4717,,,,1829.0,5853.159340739058,5853.159340739058,2927,2,100.373,16451.123769449885
4718,,,,1834.0,5855.159340739058,5855.159340739058,2928,2,100.341,37606.79846135974
4719,,,,1838.0,5857.159340739058,5857.159340739058,2929,2,100.299,49357.57890527233
4720,,,,1842.0,5859.159340739058,5859.159340739058,2930,2,100.254,52878.23924684782
4721,,,,1846.0,5861.159340739058,5861.159340739058,2931,2,100.213,48173.73021197037
4722,,,,1850.0,5863.159340739058,5863.159340739058,2932,2,100.179,39947.627704709346
4723,,,,1854.0,5865.159340739058,5865.159340739058,2933,2,100.152,31724.277369020303
4724,,,,1857.0,5867.159340739058,5867.159340739058,2934,2,100.136,18801.94576061339
4725,,,,1860.0,5869.159340739058,5869.159340739058,2935,2,100.126,11753.695878940163
4726,,,,1863.0,5871.159340739058,5871.159340739058,2936,2,100.124,2351.3993159772203
4732,,,,1883.0,5883.159340739058,5883.159340739058,2942,2,100.117,8246.34796683166
4733,,,,1886.0,5885.159340739058,5885.159340739058,2943,2,100.086,36525.0232203204
4734,,,,1889.0,5887.159340739058,5887.159340739058,2944,2,100.041,53018.07918228586
4735,,,,1892.0,5889.159340739058,5889.159340739058,2945,2,99.997,51834.44887291781
4736,,,,1895.0,5891.159340739058,5891.159340739058,2946,2,99.96,43585.20628696515
4737,,,,1898.0,5893.159340739058,5893.159340739058,2947,2,99.929,36517.3095512809
4738,,,,1901.0,5895.159340739058,5895.159340739058,2948,2,99.911,21205.595567760087
4739,,,,1903.0,5897.159340739058,5897.159340739058,2949,2,99.908,3535.0934469215476
4745,,,,1917.0,5909.159340739058,5909.159340739058,2955,2,99.878,35417.019241468144
4746,,,,1918.0,5911.159340739058,5911.159340739058,2956,2,99.833,53123.55943942723
4747,,,,1918.0,5913.159340739058,5913.159340739058,2957,2,99.786,55477.81085862905
4748,,,,1921.0,5915.159340739058,5915.159340739058,2958,2,99.753,38950.064329828594
4749,,,,1923.0,5917.159340739058,5917.159340739058,2959,2,99.723,35409.93829959927
4750,,,,1924.0,5919.159340739058,5919.159340739058,2960,2,99.698,29510.116872244802
4751,,,,1926.0,5921.159340739058,5921.159340739058,2961,2,99.681,20069.432079347782
4752,,,,1929.0,5923.159340739058,5923.159340739058,2962,2,99.68,1180.846969317937
4756,,,,1939.0,5931.159340739058,5931.159340739058,2966,2,99.676,4729.648806135283
4757,,,,1940.0,5933.159340739058,5933.159340739058,2967,2,99.641,41390.28321112901
4758,,,,1941.0,5935.159340739058,5935.159340739058,2968,2,99.599,49665.88817605358
4759,,,,1942.0,5937.159340739058,5937.159340739058,2969,2,99.554,53208.13923838127
4760,,,,1942.0,5939.159340739058,5939.159340739058,2970,2,99.511,50837.98642906902
4761,,,,1943.0,5941.159340739058,5941.159340739058,2971,2,99.472,46105.398654834666
4762,,,,1947.0,5943.159340739058,5943.159340739058,2972,2,99.442,35465.327913114415
4763,,,,1949.0,5945.159340739058,5945.159340739058,2973,2,99.419,27191.987628145755
4764,,,,1952.0,5947.159340739058,5947.159340739058,2974,2,99.401,21283.455962264117
4765,,,,1955.0,5949.159340739058,5949.159340739058,2975,2,99.384,20104.26187232499
4766,,,,1957.0,5951.159340739058,5951.159340739058,2976,2,99.374,11828.40528247219
4767,,,,1961.0,5953.159340739058,5953.159340739058,2977,2,99.36,16563.332357909127
4768,,,,1965.0,5955.159340739058,5955.159340739058,2978,2,99.339,24848.968322756653
4769,,,,1966.0,5957.159340739058,5957.159340739058,2979,2,99.311,33134.911685048835
4770,,,,1968.0,5959.159340739058,5959.159340739058,2980,2,99.278,39052.97531249643
4771,,,,1973.0,5961.159340739058,5961.159340739058,2981,2,99.242,42602.73668364826
4772,,,,1974.0,5963.159340739058,5963.159340739058,2982,2,99.204,44967.87450424043
4773,,,,1973.0,5965.159340739058,5965.159340739058,2983,2,99.165,46148.805037244514
4774,,,,1972.0,5967.159340739058,5967.159340739058,2984,2,99.123,49695.075836973476
4775,,,,1972.0,5969.159340739058,5969.159340739058,2985,2,99.072,60335.93431242895
4776,,,,1972.0,5971.159340739058,5971.159340739058,2986,2,99.025,55594.83134034861
4777,,,,1969.0,5973.159340739058,5973.159340739058,2987,2,98.981,52039.74109059781
4778,,,,1967.0,5975.159340739058,5975.159340739058,2988,2,98.932,57945.52381957176
4779,,,,1967.0,5977.159340739058,5977.159340739058,2989,2,98.882,59118.289891444445
4780,,,,1968.0,5979.159340739058,5979.159340739058,2990,2,98.833,57926.30496366472
4781,,,,1969.0,5981.159340739058,5981.159340739058,2991,2,98.792,48463.09120325205
4782,,,,1967.0,5983.159340739058,5983.159340739058,2992,2,98.751,48459.18107154849
4783,,,,1964.0,5985.159340739058,5985.159340739058,2993,2,98.706,53181.52235749607
4784,,,,1964.0,5987.159340739058,5987.159340739058,2994,2,98.661,53175.04549216607
4785,,,,1962.0,5989.159340739058,5989.159340739058,2995,2,98.616,53168.55242683608
4786,,,,1959.0,5991.159340739058,5991.159340739058,2996,2,98.571,53162.04316150609
4787,,,,1957.0,5993.159340739058,5993.159340739058,2997,2,98.527,51974.5476685998
4788,,,,1956.0,5995.159340739058,5995.159340739058,2998,2,98.48,55511.15274332256
4789,,,,1957.0,5997.159340739058,5997.159340739058,2999,2,98.44,47238.4246951408
4790,,,,1957.0,5999.159340739058,5999.159340739058,3000,2,98.403,43693.02331802711
4791,,,,1956.0,6001.159340739058,6001.159340739058,3001,2,98.364,46052.374679970635
4792,,,,1954.0,6003.159340739058,6003.159340739058,3002,2,98.322,49590.970719891186
4793,,,,1953.0,6005.159340739058,6005.159340739058,3003,2,98.275,55488.026612826514
4794,,,,1953.0,6007.159340739058,6007.159340739058,3004,2,98.23,53119.65808133881
4795,,,,1953.0,6009.159340739058,6009.159340739058,3005,2,98.186,51932.98180710291
4796,,,,1952.0,6011.159340739058,6011.159340739058,3006,2,98.143,50747.090794949734
4797,,,,1949.0,6013.159340739058,6013.159340739058,3007,2,98.099,51921.51427519021
4798,,,,1946.0,6015.159340739058,6015.159340739058,3008,2,98.053,54274.73461022144
4799,,,,1943.0,6017.159340739058,6017.159340739058,3009,2,98.003,58985.00958539348
4800,,,,1942.0,6019.159340739058,6019.159340739058,3010,2,97.953,58974.51938868979
4801,,,,1939.0,6021.159340739058,6021.159340739058,3011,2,97.906,55427.01762393364
4802,,,,1935.0,6023.159340739058,6023.159340739058,3012,2,97.855,60134.08448082564
4803,,,,1931.0,6025.159340739058,6025.159340739058,3013,2,97.803,61301.27256710469
4804,,,,1928.0,6027.159340739058,6027.159340739058,3014,2,97.751,61289.026121373216
4805,,,,1925.0,6029.159340739058,6029.159340739058,3015,2,97.7,60098.66633764855
4806,,,,1923.0,6031.159340739058,6031.159340739058,3016,2,97.651,57731.45741027084
4807,,,,1920.0,6033.159340739058,6033.159340739058,3017,2,97.604,55366.212772568746
4808,,,,1917.0,6035.159340739058,6035.159340739058,3018,2,97.557,55357.90340860136
4809,,,,1912.0,6037.159340739058,6037.159340739058,3019,2,97.506,60058.94703661401
4810,,,,1909.0,6039.159340739058,6039.159340739058,3020,2,97.455,60047.42775572348
4811,,,,1908.0,6041.159340739058,6041.159340739058,3021,2,97.402,62389.595839891495
4812,,,,1905.0,6043.159340739058,6043.159340739058,3022,2,97.355,55316.53643503941
4813,,,,1901.0,6045.159340739058,6045.159340739058,3023,2,97.306,57661.081358960444
4814,,,,1896.0,6047.159340739058,6047.159340739058,3024,2,97.256,58827.37078264029
4815,,,,1892.0,6049.159340739058,6049.159340739058,3025,2,97.201,64696.57578572325
4816,,,,1889.0,6051.159340739058,6051.159340739058,3026,2,97.15,59978.49232061637
4817,,,,1885.0,6053.159340739058,6053.159340739058,3027,2,97.1,58791.31009694147
4818,,,,1880.0,6055.159340739058,6055.159340739058,3028,2,97.05,58780.45930022107
4819,,,,1875.0,6057.159340739058,6057.159340739058,3029,2,97.001,57594.49353424904
4820,,,,1871.0,6059.159340739058,6059.159340739058,3030,2,96.951,58759.30362276445
4821,,,,1867.0,6061.159340739058,6061.159340739058,3031,2,96.903,56399.03917628765
4822,,,,1862.0,6063.159340739058,6063.159340739058,3032,2,96.854,57564.198654803055
4823,,,,1858.0,6065.159340739058,6065.159340739058,3033,2,96.805,57554.06194563214
4824,,,,1855.0,6067.159340739058,6067.159340739058,3034,2,96.755,58717.96809968596
4825,,,,1851.0,6069.159340739058,6069.159340739058,3035,2,96.708,55185.41535625435
4826,,,,1847.0,6071.159340739058,6071.159340739058,3036,2,96.659,57524.131543784846
4827,,,,1843.0,6073.159340739058,6073.159340739058,3037,2,96.61,57513.9181986473
4828,,,,1840.0,6075.159340739058,6075.159340739058,3038,2,96.561,57503.68564547639
4829,,,,1837.0,6077.159340739058,6077.159340739058,3039,2,96.515,53974.26637614419
4830,,,,1834.0,6079.159340739058,6079.159340739058,3040,2,96.469,53966.302365814176
4831,,,,1829.0,6081.159340739058,6081.159340739058,3041,2,96.422,55131.04260053792
4832,,,,1823.0,6083.159340739058,6083.159340739058,3042,2,96.373,57467.332549782615
4833,,,,1818.0,6085.159340739058,6085.159340739058,3043,2,96.321,60973.83208823521
4834,,,,1814.0,6087.159340739058,6087.159340739058,3044,2,96.268,62132.95630449731
4835,,,,1810.0,6089.159340739058,6089.159340739058,3045,2,96.218,58603.89624307159
4836,,,,1805.0,6091.159340739058,6091.159340739058,3046,2,96.165,62107.281894815125
4837,,,,1799.0,6093.159340739058,6093.159340739058,3047,2,96.111,63264.68849159933
4838,,,,1794.0,6095.159340739058,6095.159340739058,3048,2,96.057,63249.90733032414
4839,,,,1790.0,6097.159340739058,6097.159340739058,3049,2,96.002,64405.78792027314
4840,,,,1785.0,6099.159340739058,6099.159340739058,3050,2,95.95,60878.783356215485
4841,,,,1779.0,6101.159340739058,6101.159340739058,3051,2,95.898,60865.75129451741
4842,,,,1773.0,6103.159340739058,6103.159340739058,3052,2,95.844,63192.52682884977
4843,,,,1770.0,6105.159340739058,6105.159340739058,3053,2,95.793,59668.69544962739
4844,,,,1767.0,6107.159340739058,6107.159340739058,3054,2,95.744,57317.60195371743
4845,,,,1761.0,6109.159340739058,6109.159340739058,3055,2,95.698,53799.28539545685
4846,,,,1754.0,6111.159340739058,6111.159340739058,3056,2,95.647,59636.328986725115
4847,,,,1747.0,6113.159340739058,6113.159340739058,3057,2,95.594,61961.59539057417
4848,,,,1741.0,6115.159340739058,6115.159340739058,3058,2,95.543,59610.49375643856
4849,,,,1733.0,6117.159340739058,6117.159340739058,3059,2,95.496,54924.952154899256
4850,,,,1726.0,6119.159340739058,6119.159340739058,3060,2,95.445,59588.318587685135
4851,,,,1720.0,6121.159340739058,6121.159340739058,3061,2,95.396,57240.240317544245
4852,,,,1714.0,6123.159340739058,6123.159340739058,3062,2,95.347,57229.53932440662
4853,,,,1707.0,6125.159340739058,6125.159340739058,3063,2,95.297,58386.24386778953
4854,,,,1701.0,6127.159340739058,6127.159340739058,3064,2,95.247,58374.67247108584
4855,,,,1694.0,6129.159340739058,6129.159340739058,3065,2,95.195,60696.96688479727
4856,,,,1687.0,6131.159340739058,6131.159340739058,3066,2,95.144,59516.93562558918
4857,,,,1682.0,6133.159340739058,6133.159340739058,3067,2,95.096,56005.06718314765
4858,,,,1677.0,6135.159340739058,6135.159340739058,3068,2,95.049,54828.78402370348
4859,,,,1671.0,6137.159340739058,6137.159340739058,3069,2,95.006,50155.106195686385
4860,,,,1665.0,6139.159340739058,6139.159340739058,3070,2,94.961,52480.69571169994
4861,,,,1660.0,6141.159340739058,6141.159340739058,3071,2,94.915,53638.70346517078
4862,,,,1657.0,6143.159340739058,6143.159340739058,3072,2,94.871,51298.968100239115
4863,,,,1655.0,6145.159340739058,6145.159340739058,3073,2,94.83,47795.457755995434
4864,,,,1653.0,6147.159340739058,6147.159340739058,3074,2,94.789,47790.34648829187
4865,,,,1650.0,6149.159340739058,6149.159340739058,3075,2,94.747,48950.45672186722
4866,,,,1648.0,6151.159340739058,6151.159340739058,3076,2,94.707,46614.469669622384
4867,,,,1649.0,6153.159340739058,6153.159340739058,3077,2,94.669,44279.90672584455
4868,,,,1650.0,6155.159340739058,6155.159340739058,3078,2,94.633,41946.62304674266
4869,,,,1649.0,6157.159340739058,6157.159340739058,3079,2,94.598,40779.38967225477
4870,,,,1650.0,6159.159340739058,6159.159340739058,3080,2,94.565,38447.8069262848
4871,,,,1649.0,6161.159340739058,6161.159340739058,3081,2,94.528,43106.187819070314
4872,,,,1650.0,6163.159340739058,6163.159340739058,3082,2,94.488,46597.42903797264
4873,,,,1650.0,6165.159340739058,6165.159340739058,3083,2,94.449,45428.24170408912
4874,,,,1649.0,6167.159340739058,6167.159340739058,3084,2,94.415,39601.64897878808
4875,,,,1646.0,6169.159340739058,6169.159340739058,3085,2,94.38,40764.725320731646
4876,,,,1645.0,6171.159340739058,6171.159340739058,3086,2,94.347,38433.924833690246
4877,,,,1643.0,6173.159340739058,6173.159340739058,3087,2,94.319,32610.627845026705
4878,,,,1641.0,6175.159340739058,6175.159340739058,3088,2,94.29,33776.028214821905
4879,,,,1639.0,6177.159340739058,6177.159340739058,3089,2,94.256,39599.07529201256
4880,,,,1637.0,6179.159340739058,6179.159340739058,3090,2,94.216,46583.94077071815
4881,,,,1635.0,6181.159340739058,6181.159340739058,3091,2,94.172,51236.07481885501
4882,,,,1634.0,6183.159340739058,6183.159340739058,3092,2,94.125,54720.70665600425
4883,,,,1634.0,6185.159340739058,6185.159340739058,3093,2,94.078,54711.08054003687
4884,,,,1632.0,6187.159340739058,6187.159340739058,3094,2,94.031,54701.43675206949
4885,,,,1629.0,6189.159340739058,6189.159340739058,3095,2,93.984,54691.77529211864
4886,,,,1628.0,6191.159340739058,6191.159340739058,3096,2,93.939,52355.75565553876
4887,,,,1626.0,6193.159340739058,6193.159340739058,3097,2,93.892,54673.56367012339
4888,,,,1626.0,6195.159340739058,6195.159340739058,3098,2,93.847,52338.285876197435
4889,,,,1625.0,6197.159340739058,6197.159340739058,3099,2,93.806,47679.53721247226
4890,,,,1625.0,6199.159340739058,6199.159340739058,3100,2,93.769,43023.870593538384
4891,,,,1626.0,6201.159340739058,6201.159340739058,3101,2,93.736,38370.6966121156
4892,,,,1627.0,6203.159340739058,6203.159340739058,3102,2,93.708,32556.85998504052
4893,,,,1628.0,6205.159340739058,6205.159340739058,3103,2,93.685,26744.478759795136
4894,,,,1630.0,6207.159340739058,6207.159340739058,3104,2,93.657,32560.12606596337
4895,,,,1630.0,6209.159340739058,6209.159340739058,3105,2,93.622,40699.580326095485
4896,,,,1630.0,6211.159340739058,6211.159340739058,3106,2,93.575,54647.38857008805
4897,,,,1631.0,6213.159340739058,6213.159340739058,3107,2,93.53,52313.09303020615
4898,,,,1633.0,6215.159340739058,6215.159340739058,3108,2,93.49,46494.36399620801
4899,,,,1633.0,6217.159340739058,6217.159340739058,3109,2,93.462,32544.690445945977
4900,,,,1634.0,6219.159340739058,6219.159340739058,3110,2,93.446,18598.570144947906
4901,,,,1635.0,6221.159340739058,6221.159340739058,3111,2,93.438,9301.08113787227
4902,,,,1636.0,6223.159340739058,6223.159340739058,3112,2,93.432,6977.530716023712
4903,,,,1639.0,6225.159340739058,6225.159340739058,3113,2,93.421,12795.086681241244
4904,,,,1641.0,6227.159340739058,6227.159340739058,3114,2,93.405,18614.324335892863
4905,,,,1643.0,6229.159340739058,6229.159340739058,3115,2,93.38,29087.83818650524
4906,,,,1644.0,6231.159340739058,6231.159340739058,3116,2,93.349,36069.68272863312
4907,,,,1645.0,6233.159340739058,6233.159340739058,3117,2,93.313,41885.783598998816
4908,,,,1647.0,6235.159340739058,6235.159340739058,3118,2,93.276,43046.24941048607
4909,,,,1649.0,6237.159340739058,6237.159340739058,3119,2,93.232,51184.32503018908
4910,,,,1651.0,6239.159340739058,6239.159340739058,3120,2,93.191,47688.0348729188
4911,,,,1652.0,6241.159340739058,6241.159340739058,3121,2,93.152,45356.85784622392
4912,,,,1653.0,6243.159340739058,6243.159340739058,3122,2,93.114,44189.75607495602
4913,,,,1655.0,6245.159340739058,6245.159340739058,3123,2,93.085,33722.43029851418
4914,,,,1655.0,6247.159340739058,6247.159340739058,3124,2,93.06,29071.936887036885
4915,,,,1655.0,6249.159340739058,6249.159340739058,3125,2,93.04,23259.371066226147
4916,,,,1653.0,6251.159340739058,6251.159340739058,3126,2,93.034,6979.069339012342
4941,,,,1700.0,6301.159340739058,6301.159340739058,3151,2,93.031,3517.275638203972
4942,,,,1700.0,6303.159340739058,6303.159340739058,3152,2,92.99,48073.320152681365
4943,,,,1703.0,6305.159340739058,6305.159340739058,3153,2,92.944,53927.80085559584
4944,,,,1707.0,6307.159340739058,6307.159340739058,3154,2,92.913,36339.12112135084
4945,,,,1708.0,6309.159340739058,6309.159340739058,3155,2,92.891,25789.87492721683
4946,,,,1711.0,6311.159340739058,6311.159340739058,3156,2,92.882,10551.987037864454
4953,,,,1730.0,6325.159340739058,6325.159340739058,3163,2,92.873,10574.369760051255
4954,,,,1731.0,6327.159340739058,6327.159340739058,3164,2,92.835,44650.156060311645
4955,,,,1731.0,6329.159340739058,6329.159340739058,3165,2,92.793,49344.50598429899
4956,,,,1734.0,6331.159340739058,6331.159340739058,3166,2,92.752,48163.31335498753
4957,,,,1735.0,6333.159340739058,6333.159340739058,3167,2,92.716,42285.5422778965
4958,,,,1736.0,6335.159340739058,6335.159340739058,3168,2,92.679,43456.754041114276
4959,,,,1738.0,6337.159340739058,6337.159340739058,3169,2,92.651,32885.04073734356
4960,,,,1740.0,6339.159340739058,6339.159340739058,3170,2,92.637,16443.982182971078
4970,,,,1757.0,6359.159340739058,6359.159340739058,3180,2,92.621,18849.362258352478
4971,,,,1755.0,6361.159340739058,6361.159340739058,3181,2,92.593,32988.92145178812
4972,,,,1753.0,6363.159340739058,6363.159340739058,3182,2,92.558,41235.08602839719
4973,,,,1753.0,6365.159340739058,6365.159340739058,3183,2,92.515,50654.82279075729
4974,,,,1751.0,6367.159340739058,6367.159340739058,3184,2,92.473,49469.61902923662
4975,,,,1748.0,6369.159340739058,6369.159340739058,3185,2,92.426,55349.60606833214
4976,,,,1747.0,6371.159340739058,6371.159340739058,3186,2,92.39,42389.71864985068
4977,,,,1748.0,6373.159340739058,6373.159340739058,3187,2,92.359,36500.47926631517
4978,,,,1746.0,6375.159340739058,6375.159340739058,3188,2,92.331,32967.9890019408
4979,,,,1745.0,6377.159340739058,6377.159340739058,3189,2,92.295,42386.01913596002
4980,,,,1746.0,6379.159340739058,6379.159340739058,3190,2,92.254,48267.9665641324
4981,,,,1748.0,6381.159340739058,6381.159340739058,3191,2,92.21,51792.14377173706
4982,,,,1752.0,6383.159340739058,6383.159340739058,3192,2,92.167,50607.03409999092
4983,,,,1755.0,6385.159340739058,6385.159340739058,3193,2,92.127,47069.86222169392
4984,,,,1755.0,6387.159340739058,6387.159340739058,3194,2,92.091,42358.66989956325
4985,,,,1755.0,6389.159340739058,6389.159340739058,3195,2,92.047,51765.42899813677
4986,,,,1757.0,6391.159340739058,6391.159340739058,3196,2,92.002,52932.891847667735
4987,,,,1759.0,6393.159340739058,6393.159340739058,3197,2,91.958,51747.766062180104
4988,,,,1760.0,6395.159340739058,6395.159340739058,3198,2,91.917,48212.30687491043
4989,,,,1759.0,6397.159340739058,6397.159340739058,3199,2,91.874,50556.83343293969
4990,,,,1756.0,6399.159340739058,6399.159340739058,3200,2,91.824,58775.638628750836
4991,,,,1756.0,6401.159340739058,6401.159340739058,3201,2,91.775,57587.07623620822
4992,,,,1754.0,6403.159340739058,6403.159340739058,3202,2,91.73,52875.528967006445
4993,,,,1751.0,6405.159340739058,6405.159340739058,3203,2,91.684,54040.61118483404
4994,,,,1746.0,6407.159340739058,6407.159340739058,3204,2,91.635,57553.14811605328
4995,,,,1739.0,6409.159340739058,6409.159340739058,3205,2,91.58,64583.97707375087
4996,,,,1732.0,6411.159340739058,6411.159340739058,3206,2,91.522,68085.97366125563
4997,,,,1725.0,6413.159340739058,6413.159340739058,3207,2,91.468,63371.37749914178
4998,,,,1717.0,6415.159340739058,6415.159340739058,3208,2,91.411,66872.28172927858
4999,,,,1707.0,6417.159340739058,6417.159340739058,3209,2,91.357,63333.974432965
5000,,,,1699.0,6419.159340739058,6419.159340739058,3210,2,91.303,63316.2768396898
5001,,,,1690.0,6421.159340739058,6421.159340739058,3211,2,91.25,62126.700759883475
5002,,,,1679.0,6423.159340739058,6423.159340739058,3212,2,91.194,65624.54543465756
5003,,,,1672.0,6425.159340739058,6425.159340739058,3213,2,91.136,67946.95955063136
5004,,,,1666.0,6427.159340739058,6427.159340739058,3214,2,91.076,70266.33346768738
5005,,,,1662.0,6429.159340739058,6429.159340739058,3215,2,91.019,66730.91289864299
5006,,,,1661.0,6431.159340739058,6431.159340739058,3216,2,90.964,64369.89186682237
5007,,,,1662.0,6433.159340739058,6433.159340739058,3217,2,90.91,63181.31878463147
5008,,,,1665.0,6435.159340739058,6435.159340739058,3218,2,90.858,60824.714238459
5009,,,,1671.0,6437.159340739058,6437.159340739058,3219,2,90.806,60808.8059527609
5010,,,,1678.0,6439.159340739058,6439.159340739058,3220,2,90.758,56117.73727401555
5011,,,,1684.0,6441.159340739058,6441.159340739058,3221,2,90.711,54936.924987011625
5012,,,,1690.0,6443.159340739058,6443.159340739058,3222,2,90.66,59598.71489225063
5013,,,,1698.0,6445.159340739058,6445.159340739058,3223,2,90.609,59583.6870153601
5014,,,,1706.0,6447.159340739058,6447.159340739058,3224,2,90.565,51394.53644155497
5015,,,,1713.0,6449.159340739058,6449.159340739058,3225,2,90.534,36206.025530893894
5016,,,,1721.0,6451.159340739058,6451.159340739058,3226,2,90.525,10512.364131674258
5020,,,,1750.0,6459.159340739058,6459.159340739058,3230,2,90.518,8185.699091683799
5021,,,,1758.0,6461.159340739058,6461.159340739058,3231,2,90.477,47946.93892995598
5022,,,,1764.0,6463.159340739058,6463.159340739058,3232,2,90.433,51447.006878652945
5023,,,,1770.0,6465.159340739058,6465.159340739058,3233,2,90.397,42087.41148909198
5024,,,,1777.0,6467.159340739058,6467.159340739058,3234,2,90.377,23381.885253267214
5029,,,,1807.0,6477.159340739058,6477.159340739058,3239,2,90.348,33946.95403379267
5030,,,,1812.0,6479.159340739058,6479.159340739058,3240,2,90.309,45649.71407177768
5031,,,,1817.0,6481.159340739058,6481.159340739058,3241,2,90.273,42133.70577849786
5032,,,,1822.0,6483.159340739058,6483.159340739058,3242,2,90.25,26918.265594364926
5033,,,,1827.0,6485.159340739058,6485.159340739058,3243,2,90.242,9364.155037824203
5038,,,,1848.0,6495.159340739058,6495.159340739058,3248,2,90.219,26958.827845161682
5039,,,,1852.0,6497.159340739058,6497.159340739058,3249,2,90.175,51570.13673298079
5040,,,,1856.0,6499.159340739058,6499.159340739058,3250,2,90.135,46874.53682913706
5041,,,,1860.0,6501.159340739058,6501.159340739058,3251,2,90.108,31638.28850242761
5042,,,,1865.0,6503.159340739058,6503.159340739058,3252,2,90.103,5859.704239780957
5047,,,,1885.0,6513.159340739058,6513.159340739058,3257,2,90.094,10562.865963508804
5048,,,,1890.0,6515.159340739058,6515.159340739058,3258,2,90.05,51641.34202823266
5049,,,,1893.0,6517.159340739058,6517.159340739058,3259,2,90.011,45765.96289406154
5050,,,,1897.0,6519.159340739058,6519.159340739058,3260,2,89.985,30508.98772208295
5051,,,,1901.0,6521.159340739058,6521.159340739058,3261,2,89.976,10561.989205069076
5056,,,,1914.0,6531.159340739058,6531.159340739058,3266,2,89.963,15277.733647978335
5057,,,,1917.0,6533.159340739058,6533.159340739058,3267,2,89.92,50533.78497266783
5058,,,,1920.0,6535.159340739058,6535.159340739058,3268,2,89.876,51699.80238840726
5059,,,,1924.0,6537.159340739058,6537.159340739058,3269,2,89.841,41119.353283398734
5060,,,,1927.0,6539.159340739058,6539.159340739058,3270,2,89.823,21147.32742830256
5061,,,,1929.0,6541.159340739058,6541.159340739058,3271,2,89.819,4700.267785145229
5066,,,,1942.0,6551.159340739058,6551.159340739058,3276,2,89.805,16474.436235887828
5067,,,,1944.0,6553.159340739058,6553.159340739058,3277,2,89.765,47070.03291266787
5068,,,,1946.0,6555.159340739058,6555.159340739058,3278,2,89.72,52944.87484226675
5069,,,,1948.0,6557.159340739058,6557.159340739058,3279,2,89.679,48230.26097133535
5070,,,,1949.0,6559.159340739058,6559.159340739058,3280,2,89.649,35287.227787682954
5071,,,,1951.0,6561.159340739058,6561.159340739058,3281,2,89.635,16468.35247742591
5072,,,,1954.0,6563.159340739058,6563.159340739058,3282,2,89.632,3529.6736566089403
5079,,,,1969.0,6577.159340739058,6577.159340739058,3289,2,89.607,29472.086576874903
5080,,,,1970.0,6579.159340739058,6579.159340739058,3290,2,89.564,50688.166004308485
5081,,,,1971.0,6581.159340739058,6581.159340739058,3291,2,89.517,55392.34800724441
5082,,,,1972.0,6583.159340739058,6583.159340739058,3292,2,89.472,53024.089825781455
5083,,,,1972.0,6585.159340739058,6585.159340739058,3293,2,89.424,56546.81594018642
5084,,,,1971.0,6587.159340739058,6587.159340739058,3294,2,89.373,60065.98076095447
5085,,,,1972.0,6589.159340739058,6589.159340739058,3295,2,89.321,61227.04844017721
5086,,,,1972.0,6591.159340739058,6591.159340739058,3296,2,89.273,56502.7925423998
5087,,,,1973.0,6593.159340739058,6593.159340739058,3297,2,89.227,54136.43134679931
5088,,,,1974.0,6595.159340739058,6595.159340739058,3298,2,89.181,54124.942632486025
5089,,,,1974.0,6597.159340739058,6597.159340739058,3299,2,89.13,59993.65003953491
5090,,,,1976.0,6599.159340739058,6599.159340739058,3300,2,89.08,58801.80930565204
5091,,,,1978.0,6601.159340739058,6601.159340739058,3301,2,89.033,55260.35780187815
5092,,,,1979.0,6603.159340739058,6603.159340739058,3302,2,88.987,54072.743588572506
5093,,,,1981.0,6605.159340739058,6605.159340739058,3303,2,88.937,58760.81852707947
5094,,,,1982.0,6607.159340739058,6607.159340739058,3304,2,88.89,55221.77223201994
5095,,,,1983.0,6609.159340739058,6609.159340739058,3305,2,88.85,46988.47924892575
5096,,,,1985.0,6611.159340739058,6611.159340739058,3306,2,88.817,38761.29993750731
5097,,,,1986.0,6613.159340739058,6613.159340739058,3307,2,88.794,27015.10640435957
5098,,,,1986.0,6615.159340739058,6615.159340739058,3308,2,88.781,15270.929959102048
5099,,,,1987.0,6617.159340739058,6617.159340739058,3309,2,88.778,3524.808586146993
5120,,,,2016.0,6659.159340739058,6659.159340739058,3330,2,88.752,30737.214501808896
5121,,,,2019.0,6661.159340739058,6661.159340739058,3331,2,88.733,22462.861446220013
5122,,,,2022.0,6663.159340739058,6663.159340739058,3332,2,88.729,4729.830331710719
5129,,,,2044.0,6677.159340739058,6677.159340739058,3339,2,88.711,21326.3127615741
5130,,,,2046.0,6679.159340739058,6679.159340739058,3340,2,88.665,54497.23809224568
5131,,,,2047.0,6681.159340739058,6681.159340739058,3341,2,88.618,55669.43065601273
5132,,,,2047.0,6683.159340739058,6683.159340739058,3342,2,88.58,45001.21381668672
5133,,,,2049.0,6685.159340739058,6685.159340739058,3343,2,88.554,30788.394381219838
5134,,,,2049.0,6687.159340739058,6687.159340739058,3344,2,88.546,9474.367353953847
5142,,,,2064.0,6703.159340739058,6703.159340739058,3352,2,88.525,24925.63768010507
5143,,,,2062.0,6705.159340739058,6705.159340739058,3353,2,88.479,54594.6411016238
5144,,,,2062.0,6707.159340739058,6707.159340739058,3354,2,88.435,52209.97705472679
5145,,,,2062.0,6709.159340739058,6709.159340739058,3355,2,88.387,56943.69470151392
5146,,,,2063.0,6711.159340739058,6711.159340739058,3356,2,88.342,53372.54156082831
5147,,,,2063.0,6713.159340739058,6713.159340739058,3357,2,88.299,50990.224701612686
5148,,,,2063.0,6715.159340739058,6715.159340739058,3358,2,88.253,54536.441348611144
5149,,,,2063.0,6717.159340739058,6717.159340739058,3359,2,88.211,49784.14584797733
5150,,,,2062.0,6719.159340739058,6719.159340739058,3360,2,88.167,52144.9229928348
5151,,,,2061.0,6721.159340739058,6721.159340739058,3361,2,88.127,47396.00259265747
5152,,,,2059.0,6723.159340739058,6723.159340739058,3362,2,88.082,53310.65329225501
5153,,,,2059.0,6725.159340739058,6725.159340739058,3363,2,88.033,58035.67042740968
5154,,,,2060.0,6727.159340739058,6727.159340739058,3364,2,87.985,56836.854376236115
5155,,,,2063.0,6729.159340739058,6729.159340739058,3365,2,87.942,50905.15505955015
5156,,,,2067.0,6731.159340739058,6731.159340739058,3366,2,87.898,52078.71057292083
5157,,,,2069.0,6733.159340739058,6733.159340739058,3367,2,87.856,49701.94684443648
5158,,,,2071.0,6735.159340739058,6735.159340739058,3368,2,87.817,46144.240227762195
5159,,,,2074.0,6737.159340739058,6737.159340739058,3369,2,87.777,47320.19029109995
5160,,,,2077.0,6739.159340739058,6739.159340739058,3370,2,87.73,55590.173005505734
5161,,,,2080.0,6741.159340739058,6741.159340739058,3371,2,87.684,54394.711331442115
5162,,,,2084.0,6743.159340739058,6743.159340739058,3372,2,87.638,54382.31236909531
5163,,,,2086.0,6745.159340739058,6745.159340739058,3373,2,87.593,53188.24573966909
5164,,,,2087.0,6747.159340739058,6747.159340739058,3374,2,87.548,53176.69053433909
5165,,,,2087.0,6749.159340739058,6749.159340739058,3375,2,87.501,55527.37889153699
5166,,,,2088.0,6751.159340739058,6751.159340739058,3376,2,87.451,59056.44144906241
5167,,,,2087.0,6753.159340739058,6753.159340739058,3377,2,87.404,55498.71279666812
5168,,,,2085.0,6755.159340739058,6755.159340739058,3378,2,87.355,57845.71967017365
5169,,,,2085.0,6757.159340739058,6757.159340739058,3379,2,87.304,60190.133358003586
5170,,,,2085.0,6759.159340739058,6759.159340739058,3380,2,87.256,56634.18501693383
5171,,,,2082.0,6761.159340739058,6761.159340739058,3381,2,87.212,51902.661705839106
5172,,,,2078.0,6763.159340739058,6763.159340739058,3382,2,87.163,57786.969592035064
5173,,,,2074.0,6765.159340739058,6765.159340739058,3383,2,87.107,66022.00182539027
5174,,,,2072.0,6767.159340739058,6767.159340739058,3384,2,87.053,63642.697422290585
5175,,,,2067.0,6769.159340739058,6769.159340739058,3385,2,87.006,55376.9559674124
5176,,,,2059.0,6771.159340739058,6771.159340739058,3386,2,86.957,57718.628427264215
5177,,,,2053.0,6773.159340739058,6773.159340739058,3387,2,86.907,58880.42878090943
5178,,,,2047.0,6775.159340739058,6775.159340739058,3388,2,86.859,56510.03222413957
5179,,,,2039.0,6777.159340739058,6777.159340739058,3389,2,86.812,55318.81387367469
5180,,,,2031.0,6779.159340739058,6779.159340739058,3390,2,86.76,61186.95674471068
5181,,,,2025.0,6781.159340739058,6781.159340739058,3391,2,86.704,65872.0733374034
5182,,,,2020.0,6783.159340739058,6783.159340739058,3392,2,86.653,59971.31584544311
5183,,,,2016.0,6785.159340739058,6785.159340739058,3393,2,86.604,57603.24124303068
5184,,,,2014.0,6787.159340739058,6787.159340739058,3394,2,86.557,55237.75103427718
5185,,,,2011.0,6789.159340739058,6789.159340739058,3395,2,86.51,55224.0336623098
5186,,,,2008.0,6791.159340739058,6791.159340739058,3396,2,86.458,61081.968940153456
5187,,,,2006.0,6793.159340739058,6793.159340739058,3397,2,86.41,56367.35370791635
5188,,,,2004.0,6795.159340739058,6795.159340739058,3398,2,86.37,46962.70523570644
5189,,,,2002.0,6797.159340739058,6797.159340739058,3399,2,86.326,51649.05809837706
5190,,,,1999.0,6799.159340739058,6799.159340739058,3400,2,86.279,55157.73820638499
5191,,,,1997.0,6801.159340739058,6801.159340739058,3401,2,86.233,53970.95360871145
5192,,,,1996.0,6803.159340739058,6803.159340739058,3402,2,86.192,48094.42472241715
5193,,,,1993.0,6805.159340739058,6805.159340739058,3403,2,86.149,50430.74253551013
5194,,,,1989.0,6807.159340739058,6807.159340739058,3404,2,86.101,56281.593429232664
5195,,,,1986.0,6809.159340739058,6809.159340739058,3405,2,86.051,58610.51994134219
5196,,,,1984.0,6811.159340739058,6811.159340739058,3406,2,86.006,52735.84392103131
5197,,,,1981.0,6813.159340739058,6813.159340739058,3407,2,85.961,52723.73575570131
5198,,,,1979.0,6815.159340739058,6815.159340739058,3408,2,85.916,52711.61139037132
5199,,,,1977.0,6817.159340739058,6817.159340739058,3409,2,85.872,51528.67142837918
5200,,,,1974.0,6819.159340739058,6819.159340739058,3410,2,85.826,53858.456942373465
5201,,,,1970.0,6821.159340739058,6821.159340739058,3411,2,85.778,56185.834920378395
5202,,,,1966.0,6823.159340739058,6823.159340739058,3412,2,85.728,58510.63829465295
5203,,,,1962.0,6825.159340739058,6825.159340739058,3413,2,85.679,57324.12426877602
5204,,,,1958.0,6827.159340739058,6827.159340739058,3414,2,85.633,53800.4187651193
5205,,,,1952.0,6829.159340739058,6829.159340739058,3415,2,85.584,57294.14056731374
5206,,,,1948.0,6831.159340739058,6831.159340739058,3416,2,85.534,58446.71620342599
5207,,,,1944.0,6833.159340739058,6833.159340739058,3417,2,85.486,56093.13170175543
5208,,,,1939.0,6835.159340739058,6835.159340739058,3418,2,85.439,54910.08168485686
5209,,,,1934.0,6837.159340739058,6837.159340739058,3419,2,85.388,59566.54235370764
5210,,,,1929.0,6839.159340739058,6839.159340739058,3420,2,85.338,58381.115880364094
5211,,,,1925.0,6841.159340739058,6841.159340739058,3421,2,85.292,53696.12284226503
5212,,,,1921.0,6843.159340739058,6843.159340739058,3422,2,85.249,50182.68719655356
5213,,,,1915.0,6845.159340739058,6845.159340739058,3423,2,85.196,61836.32874310706
5214,,,,1910.0,6847.159340739058,6847.159340739058,3424,2,85.143,61815.92857193079
5215,,,,1906.0,6849.159340739058,6849.159340739058,3425,2,85.096,54801.71973937615
5216,,,,1903.0,6851.159340739058,6851.159340739058,3426,2,85.054,48960.43999672539
5217,,,,1898.0,6853.159340739058,6853.159340739058,3427,2,85.007,54776.39114033153
5218,,,,1893.0,6855.159340739058,6855.159340739058,3428,2,84.959,55926.91260038875
5219,,,,1889.0,6857.159340739058,6857.159340739058,3429,2,84.909,58240.59714462981
5220,,,,1885.0,6859.159340739058,6859.159340739058,3430,2,84.862,54730.85800053381
5221,,,,1880.0,6861.159340739058,6861.159340739058,3431,2,84.816,53552.63855241541
5222,,,,1874.0,6863.159340739058,6863.159340739058,3432,2,84.766,58193.414366057244
5223,,,,1868.0,6865.159340739058,6865.159340739058,3433,2,84.716,58176.046769370085
5224,,,,1863.0,6867.159340739058,6867.159340739058,3434,2,84.669,54670.10789175757
5225,,,,1857.0,6869.159340739058,6869.159340739058,3435,2,84.621,55818.23927010044
5226,,,,1851.0,6871.159340739058,6871.159340739058,3436,2,84.575,53478.343087512556
5227,,,,1844.0,6873.159340739058,6873.159340739058,3437,2,84.527,55788.71956020962
5228,,,,1837.0,6875.159340739058,6875.159340739058,3438,2,84.477,58096.47146110989
5229,,,,1829.0,6877.159340739058,6877.159340739058,3439,2,84.425,60401.43028242223
5230,,,,1821.0,6879.159340739058,6879.159340739058,3440,2,84.371,62703.427324289434
5231,,,,1816.0,6881.159340739058,6881.159340739058,3441,2,84.324,54558.40722433741
5232,,,,1810.0,6883.159340739058,6883.159340739058,3442,2,84.277,54543.85475637003
5233,,,,1805.0,6885.159340739058,6885.159340739058,3443,2,84.228,56849.00496085816
5234,,,,1801.0,6887.159340739058,6887.159340739058,3444,2,84.183,52194.30262797975
5235,,,,1796.0,6889.159340739058,6889.159340739058,3445,2,84.139,51022.27145629563
5236,,,,1791.0,6891.159340739058,6891.159340739058,3446,2,84.095,51010.401223311805
5237,,,,1786.0,6893.159340739058,6893.159340739058,3447,2,84.049,53315.99567269554
5238,,,,1783.0,6895.159340739058,6895.159340739058,3448,2,84.006,49826.93812934718
5239,,,,1782.0,6897.159340739058,6897.159340739058,3449,2,83.966,46341.18595131209
5240,,,,1781.0,6899.159340739058,6899.159340739058,3450,2,83.925,47490.57719591318
5241,,,,1781.0,6901.159340739058,6901.159340739058,3451,2,83.885,46323.34195876764
5242,,,,1782.0,6903.159340739058,6903.159340739058,3452,2,83.845,46314.67664889373
5243,,,,1783.0,6905.159340739058,6905.159340739058,3453,2,83.811,39361.50741064274
5244,,,,1785.0,6907.159340739058,6907.159340739058,3454,2,83.782,33570.15510639419
5245,,,,1788.0,6909.159340739058,6909.159340739058,3455,2,83.759,26624.051697451065
5246,,,,1790.0,6911.159340739058,6911.159340739058,3456,2,83.737,25467.013988607894
5247,,,,1791.0,6913.159340739058,6913.159340739058,3457,2,83.719,20837.700190131185
5248,,,,1794.0,6915.159340739058,6915.159340739058,3458,2,83.708,12735.6282123561
5249,,,,1796.0,6917.159340739058,6917.159340739058,3459,2,83.7,9263.90248731042
5250,,,,1799.0,6919.159340739058,6919.159340739058,3460,2,83.698,2316.5068706531347
5257,,,,1826.0,6933.159340739058,6933.159340739058,3467,2,83.694,4642.22163344915
5258,,,,1830.0,6935.159340739058,6935.159340739058,3468,2,83.658,41782.06029569065
5259,,,,1833.0,6937.159340739058,6937.159340739058,3469,2,83.62,44096.497327601806
5260,,,,1835.0,6939.159340739058,6939.159340739058,3470,2,83.585,40609.17481490213
5261,,,,1837.0,6941.159340739058,6941.159340739058,3471,2,83.554,35964.29136259572
5262,,,,1839.0,6943.159340739058,6943.159340739058,3472,2,83.536,20882.384896394396
5263,,,,1842.0,6945.159340739058,6945.159340739058,3473,2,83.528,9282.288800804696
5268,,,,1858.0,6955.159340739058,6955.159340739058,3478,2,83.503,29043.180496081244
5269,,,,1861.0,6957.159340739058,6957.159340739058,3479,2,83.468,40657.534829884986
5270,,,,1862.0,6959.159340739058,6959.159340739058,3480,2,83.425,49941.704133727835
5271,,,,1864.0,6961.159340739058,6961.159340739058,3481,2,83.383,48769.436827021884
5272,,,,1865.0,6963.159340739058,6963.159340739058,3482,2,83.348,40634.10820142278
5273,,,,1867.0,6965.159340739058,6965.159340739058,3483,2,83.323,29022.251812014587
5274,,,,1869.0,6967.159340739058,6967.159340739058,3484,2,83.301,25539.711075798674
5275,,,,1873.0,6969.159340739058,6969.159340739058,3485,2,83.282,22057.925938714692
5276,,,,1878.0,6971.159340739058,6971.159340739058,3486,2,83.274,9288.707321243928
5277,,,,1881.0,6973.159340739058,6973.159340739058,3487,2,83.273,1161.3587687276133
5283,,,,1888.0,6985.159340739058,6985.159340739058,3493,2,83.265,9306.355730298852
5284,,,,1892.0,6987.159340739058,6987.159340739058,3494,2,83.247,20942.025770613353
5285,,,,1894.0,6989.159340739058,6989.159340739058,3495,2,83.227,23270.26624179925
5286,,,,1896.0,6991.159340739058,6991.159340739058,3496,2,83.203,27924.927577901894
5287,,,,1898.0,6993.159340739058,6993.159340739058,3497,2,83.181,25598.096122496085
5288,,,,1899.0,6995.159340739058,6995.159340739058,3498,2,83.153,32578.919345899947
5289,,,,1898.0,6997.159340739058,6997.159340739058,3499,2,83.12,38393.47627707074
5290,,,,1897.0,6999.159340739058,6999.159340739058,3500,2,83.075,52345.13789853774
5291,,,,1896.0,7001.159340739058,7001.159340739058,3501,2,83.024,59307.16383221051
5292,,,,1896.0,7003.159340739058,7003.159340739058,3502,2,82.976,55801.17362701093
5293,,,,1897.0,7005.159340739058,7005.159340739058,3503,2,82.935,47651.55264663197
5294,,,,1897.0,7007.159340739058,7007.159340739058,3504,2,82.896,45318.16538473157
5295,,,,1897.0,7009.159340739058,7009.159340739058,3505,2,82.866,34855.56811918895
5296,,,,1898.0,7011.159340739058,7011.159340739058,3506,2,82.848,20913.250661842972
5297,,,,1898.0,7013.159340739058,7013.159340739058,3507,2,82.841,8134.023506059809
5298,,,,1899.0,7015.159340739058,7015.159340739058,3508,2,82.839,2324.543199141877
5304,,,,1905.0,7027.159340739058,7027.159340739058,3514,2,82.822,19790.14614028018
5305,,,,1905.0,7029.159340739058,7029.159340739058,3515,2,82.779,50053.54008739375
5306,,,,1905.0,7031.159340739058,7031.159340739058,3516,2,82.732,54695.50804131448
5307,,,,1906.0,7033.159340739058,7033.159340739058,3517,2,82.686,53516.91298400419
5308,,,,1906.0,7035.159340739058,7035.159340739058,3518,2,82.639,54665.122746374276
5309,,,,1908.0,7037.159340739058,7037.159340739058,3519,2,82.593,53487.13996068483
5310,,,,1910.0,7039.159340739058,7039.159340739058,3520,2,82.549,51148.27748132293
5311,,,,1911.0,7041.159340739058,7041.159340739058,3521,2,82.503,53459.241849360034
5312,,,,1911.0,7043.159340739058,7043.159340739058,3522,2,82.455,55767.62296942453
5313,,,,1913.0,7045.159340739058,7045.159340739058,3523,2,82.406,56912.12868959667
5314,,,,1915.0,7047.159340739058,7047.159340739058,3524,2,82.358,55733.67175764356
5315,,,,1915.0,7049.159340739058,7049.159340739058,3525,2,82.311,54556.56691556409
5316,,,,1915.0,7051.159340739058,7051.159340739058,3526,2,82.262,56861.091862996655
5317,,,,1915.0,7053.159340739058,7053.159340739058,3527,2,82.209,61482.1290063236
5318,,,,1915.0,7055.159340739058,7055.159340739058,3528,2,82.161,55663.5139601915
5319,,,,1914.0,7057.159340739058,7057.159340739058,3529,2,82.114,54487.79798289229
5320,,,,1911.0,7059.159340739058,7059.159340739058,3530,2,82.062,60265.116284116906
5321,,,,1907.0,7061.159340739058,7061.159340739058,3531,2,82.007,63718.45435315585
5322,,,,1903.0,7063.159340739058,7063.159340739058,3532,2,81.953,62536.082697411475
5323,,,,1897.0,7065.159340739058,7065.159340739058,3533,2,81.9,61355.32033327704
5324,,,,1892.0,7067.159340739058,7067.159340739058,3534,2,81.847,61332.985450117216
5325,,,,1888.0,7069.159340739058,7069.159340739058,3535,2,81.793,62467.05066398706
5326,,,,1883.0,7071.159340739058,7071.159340739058,3536,2,81.738,63599.456698279835
5327,,,,1879.0,7073.159340739058,7073.159340739058,3537,2,81.685,61263.5967039016
5328,,,,1876.0,7075.159340739058,7075.159340739058,3538,2,81.632,61241.17129672533
5329,,,,1873.0,7077.159340739058,7077.159340739058,3539,2,81.58,60064.02117668431
5330,,,,1869.0,7079.159340739058,7079.159340739058,3540,2,81.524,64659.79548626357
5331,,,,1866.0,7081.159340739058,7081.159340739058,3541,2,81.467,65787.41880006729
5332,,,,1864.0,7083.159340739058,7083.159340739058,3542,2,81.413,62300.06964465956
5333,,,,1864.0,7085.159340739058,7085.159340739058,3543,2,81.361,59970.545779523236
5334,,,,1864.0,7087.159340739058,7087.159340739058,3544,2,81.31,58796.64015298776
5335,,,,1866.0,7089.159340739058,7089.159340739058,3545,2,81.257,61080.55842693096
5336,,,,1866.0,7091.159340739058,7091.159340739058,3546,2,81.208,56451.19491237298
5337,,,,1866.0,7093.159340739058,7093.159340739058,3547,2,81.157,58735.72163431618
5338,,,,1865.0,7095.159340739058,7095.159340739058,3548,2,81.101,64469.796401336724
5339,,,,1864.0,7097.159340739058,7097.159340739058,3549,2,81.049,59841.82812923496
5340,,,,1862.0,7099.159340739058,7099.159340739058,3550,2,80.997,59820.299475536594
5341,,,,1858.0,7101.159340739058,7101.159340739058,3551,2,80.942,63247.50533640467
5342,,,,1856.0,7103.159340739058,7103.159340739058,3552,2,80.889,60924.103101367415
5343,,,,1854.0,7105.159340739058,7105.159340739058,3553,2,80.837,59752.627976090356
5344,,,,1851.0,7107.159340739058,7107.159340739058,3554,2,80.786,58582.701120543934
5345,,,,1848.0,7109.159340739058,7109.159340739058,3555,2,80.734,59710.11366924868
5346,,,,1846.0,7111.159340739058,7111.159340739058,3556,2,80.68,61983.396386592976
5347,,,,1844.0,7113.159340739058,7113.159340739058,3557,2,80.625,63106.34921019309
5348,,,,1844.0,7115.159340739058,7115.159340739058,3558,2,80.571,61934.5021548501
5349,,,,1843.0,7117.159340739058,7117.159340739058,3559,2,80.519,59618.16630637345
5350,,,,1841.0,7119.159340739058,7119.159340739058,3560,2,80.466,60742.12692286366
5351,,,,1839.0,7121.159340739058,7121.159340739058,3561,2,80.409,65300.14100964577
5352,,,,1837.0,7123.159340739058,7123.159340739058,3562,2,80.353,64127.46714842326
5353,,,,1836.0,7125.159340739058,7125.159340739058,3563,2,80.297,64100.78349302187
5354,,,,1835.0,7127.159340739058,7127.159340739058,3564,2,80.242,62930.28683715147
5355,,,,1833.0,7129.159340739058,7129.159340739058,3565,2,80.187,62904.81471315625
5356,,,,1831.0,7131.159340739058,7131.159340739058,3566,2,80.13,65165.02610567049
5357,,,,1828.0,7133.159340739058,7133.159340739058,3567,2,80.075,62852.2285700621
5358,,,,1825.0,7135.159340739058,7135.159340739058,3568,2,80.021,61684.765370010195
5359,,,,1822.0,7137.159340739058,7137.159340739058,3569,2,79.967,61660.431824735
5360,,,,1820.0,7139.159340739058,7139.159340739058,3570,2,79.911,63918.09295640305
5361,,,,1816.0,7141.159340739058,7141.159340739058,3571,2,79.857,61610.15225976702
5362,,,,1813.0,7143.159340739058,7143.159340739058,3572,2,79.803,61585.748298491824
5363,,,,1811.0,7145.159340739058,7145.159340739058,3573,2,79.75,60421.67523952265
5364,,,,1810.0,7147.159340739058,7147.159340739058,3574,2,79.7,56980.727844038905
5365,,,,1807.0,7149.159340739058,7149.159340739058,3575,2,79.648,59238.62061666819
5366,,,,1803.0,7151.159340739058,7151.159340739058,3576,2,79.597,58078.10483001776
5367,,,,1799.0,7153.159340739058,7153.159340739058,3577,2,79.547,56919.11950612559
5368,,,,1794.0,7155.159340739058,7155.159340739058,3578,2,79.497,56899.258109421906
5369,,,,1788.0,7157.159340739058,7157.159340739058,3579,2,79.445,59153.807436666495
5370,,,,1784.0,7159.159340739058,7159.159340739058,3580,2,79.397,54584.40902406623
5371,,,,1781.0,7161.159340739058,7161.159340739058,3581,2,79.352,51157.20978823626
5372,,,,1777.0,7163.159340739058,7163.159340739058,3582,2,79.305,53414.81246160757
5373,,,,1772.0,7165.159340739058,7165.159340739058,3583,2,79.254,57941.12549532266
5374,,,,1766.0,7167.159340739058,7167.159340739058,3584,2,79.205,55649.34419674184
5375,,,,1762.0,7169.159340739058,7169.159340739058,3585,2,79.155,56765.40365996864
5376,,,,1759.0,7171.159340739058,7171.159340739058,3586,2,79.107,54476.25694003622
5377,,,,1756.0,7173.159340739058,7173.159340739058,3587,2,79.061,52189.95626386794
5378,,,,1751.0,7175.159340739058,7175.159340739058,3588,2,79.015,52174.142445554055
5379,,,,1748.0,7177.159340739058,7177.159340739058,3589,2,78.964,57825.86323002359
5380,,,,1745.0,7179.159340739058,7179.159340739058,3590,2,78.919,51006.02463872764
5381,,,,1742.0,7181.159340739058,7181.159340739058,3591,2,78.871,54389.52635401243
5382,,,,1738.0,7183.159340739058,7183.159340739058,3592,2,78.823,54371.5741957703
5383,,,,1733.0,7185.159340739058,7185.159340739058,3593,2,78.77,60013.533247206695
5384,,,,1729.0,7187.159340739058,7187.159340739058,3594,2,78.721,55463.73267487579
5385,,,,1725.0,7189.159340739058,7189.159340739058,3595,2,78.672,55444.64444973765
5386,,,,1721.0,7191.159340739058,7191.159340739058,3596,2,78.62,58817.81542121497
5387,,,,1715.0,7193.159340739058,7193.159340739058,3597,2,78.569,57664.96170418521
5388,,,,1710.0,7195.159340739058,7195.159340739058,3598,2,78.517,58773.457610373036
5389,,,,1704.0,7197.159340739058,7197.159340739058,3599,2,78.465,58750.872316642264
5390,,,,1700.0,7199.159340739058,7199.159340739058,3600,2,78.415,56470.20586875397
5391,,,,1697.0,7201.159340739058,7201.159340739058,3601,2,78.365,56449.888072066315
5392,,,,1694.0,7203.159340739058,7203.159340739058,3602,2,78.315,56429.55027534657
5393,,,,1692.0,7205.159340739058,7205.159340739058,3603,2,78.266,55281.361681872266
5394,,,,1690.0,7207.159340739058,7207.159340739058,3604,2,78.215,57516.9585407098
5395,,,,1690.0,7209.159340739058,7209.159340739058,3605,2,78.166,55241.401796349055
5396,,,,1690.0,7211.159340739058,7211.159340739058,3606,2,78.116,56348.72020446587
5397,,,,1690.0,7213.159340739058,7213.159340739058,3607,2,78.066,56328.28260776218
5398,,,,1691.0,7215.159340739058,7215.159340739058,3608,2,78.021,50678.6659208091
5399,,,,1691.0,7217.159340739058,7217.159340739058,3609,2,77.975,51789.00747183208
5400,,,,1691.0,7219.159340739058,7219.159340739058,3610,2,77.931,49522.45127179614
5401,,,,1691.0,7221.159340739058,7221.159340739058,3611,2,77.884,52882.75230582772
5402,,,,1689.0,7223.159340739058,7223.159340739058,3612,2,77.838,51741.0216675014
5403,,,,1688.0,7225.159340739058,7225.159340739058,3613,2,77.792,51724.77121715541
5404,,,,1686.0,7227.159340739058,7227.159340739058,3614,2,77.743,55079.73517503803
5405,,,,1684.0,7229.159340739058,7229.159340739058,3615,2,77.694,55060.263181867835
5406,,,,1683.0,7231.159340739058,7231.159340739058,3616,2,77.645,55040.77198072957
5407,,,,1682.0,7233.159340739058,7233.159340739058,3617,2,77.6,50531.03198338849
5408,,,,1680.0,7235.159340739058,7235.159340739058,3618,2,77.553,52760.163828099976
5409,,,,1677.0,7237.159340739058,7237.159340739058,3619,2,77.501,58351.82622977719
5410,,,,1675.0,7239.159340739058,7239.159340739058,3620,2,77.454,52721.964975291005
5411,,,,1671.0,7241.159340739058,7241.159340739058,3621,2,77.403,57188.554813456474
5412,,,,1668.0,7243.159340739058,7243.159340739058,3622,2,77.351,58287.2097920776
5413,,,,1665.0,7245.159340739058,7245.159340739058,3623,2,77.305,51543.33869805297
5414,,,,1662.0,7247.159340739058,7247.159340739058,3624,2,77.263,47047.514849134684
5415,,,,1658.0,7249.159340739058,7249.159340739058,3625,2,77.219,49274.04386415873
5416,,,,1653.0,7251.159340739058,7251.159340739058,3626,2,77.171,53736.31154958788
5417,,,,1648.0,7253.159340739058,7253.159340739058,3627,2,77.124,52598.93236254125
5418,,,,1644.0,7255.159340739058,7255.159340739058,3628,2,77.077,52581.382798557956
5419,,,,1640.0,7257.159340739058,7257.159340739058,3629,2,77.031,51445.77033739164
5420,,,,1637.0,7259.159340739058,7259.159340739058,3630,2,76.983,53664.584001822135
5421,,,,1634.0,7261.159340739058,7261.159340739058,3631,2,76.937,51411.33170342881
5422,,,,1632.0,7263.159340739058,7263.159340739058,3632,2,76.899,42458.7444529898
5423,,,,1629.0,7265.159340739058,7265.159340739058,3633,2,76.861,42449.454208813746
5424,,,,1627.0,7267.159340739058,7267.159340739058,3634,2,76.823,42440.152412653566
5425,,,,1626.0,7269.159340739058,7269.159340739058,3635,2,76.794,32383.32706293898
5426,,,,1626.0,7271.159340739058,7271.159340739058,3636,2,76.771,25681.698435689334
5427,,,,1625.0,7273.159340739058,7273.159340739058,3637,2,76.746,27913.840062812298
5428,,,,1625.0,7275.159340739058,7275.159340739058,3638,2,76.718,31261.301485871616
5429,,,,1626.0,7277.159340739058,7277.159340739058,3639,2,76.689,32374.648306569747
5430,,,,1628.0,7279.159340739058,7279.159340739058,3640,2,76.662,30139.191829650514
5431,,,,1629.0,7281.159340739058,7281.159340739058,3641,2,76.641,23440.694978680607
5432,,,,1629.0,7283.159340739058,7283.159340739058,3642,2,76.624,18976.308078103615
5433,,,,1629.0,7285.159340739058,7285.159340739058,3643,2,76.605,21209.655931810226
5434,,,,1629.0,7287.159340739058,7287.159340739058,3644,2,76.588,18977.81061507055
5435,,,,1628.0,7289.159340739058,7289.159340739058,3645,2,76.569,21211.329765832095
5436,,,,1626.0,7291.159340739058,7291.159340739058,3646,2,76.553,17862.990409168302
5437,,,,1623.0,7293.159340739058,7293.159340739058,3647,2,76.54,14514.911358362913
5438,,,,1620.0,7295.159340739058,7295.159340739058,3648,2,76.534,6700.1953255459985
5439,,,,1618.0,7297.159340739058,7297.159340739058,3649,2,76.531,3350.819083470799
5444,,,,1605.0,7307.159340739058,7307.159340739058,3654,2,76.516,16775.082234331996
5445,,,,1603.0,7309.159340739058,7309.159340739058,3655,2,76.48,40257.7971298472
5446,,,,1601.0,7311.159340739058,7311.159340739058,3656,2,76.432,53662.2718613344
5447,,,,1600.0,7313.159340739058,7313.159340739058,3657,2,76.385,52526.02833576157
5448,,,,1599.0,7315.159340739058,7315.159340739058,3658,2,76.336,54741.74403418085
5449,,,,1597.0,7317.159340739058,7317.159340739058,3659,2,76.287,54721.573693010745
5450,,,,1596.0,7319.159340739058,7319.159340739058,3660,2,76.241,51353.329852522606
5451,,,,1595.0,7321.159340739058,7321.159340739058,3661,2,76.194,52452.043432957944
5452,,,,1595.0,7323.159340739058,7323.159340739058,3662,2,76.147,52434.01860499056
5453,,,,1596.0,7325.159340739058,7325.159340739058,3663,2,76.103,49071.24242362338
5454,,,,1596.0,7327.159340739058,7327.159340739058,3664,2,76.061,46827.05470480309
5455,,,,1596.0,7329.159340739058,7329.159340739058,3665,2,76.019,46813.97920666481
5456,,,,1595.0,7331.159340739058,7331.159340739058,3666,2,75.971,53484.61959355065
5457,,,,1595.0,7333.159340739058,7333.159340739058,3667,2,75.922,54578.923015408356
5458,,,,1596.0,7335.159340739058,7335.159340739058,3668,2,75.88,46766.658046202334
5459,,,,1597.0,7337.159340739058,7337.159340739058,3669,2,75.84,44527.75260706834
5460,,,,1597.0,7339.159340739058,7339.159340739058,3670,2,75.801,43403.7810019731
5461,,,,1596.0,7341.159340739058,7341.159340739058,3671,2,75.751,55628.36902038113
5462,,,,1596.0,7343.159340739058,7343.159340739058,3672,2,75.705,51159.61489111205
5463,,,,1595.0,7345.159340739058,7345.159340739058,3673,2,75.658,52253.91160473416
5464,,,,1594.0,7347.159340739058,7347.159340739058,3674,2,75.609,54457.75484779051
5465,,,,1595.0,7349.159340739058,7349.159340739058,3675,2,75.564,49994.75092579144
5466,,,,1594.0,7351.159340739058,7351.159340739058,3676,2,75.521,47757.946086800395
5467,,,,1592.0,7353.159340739058,7353.159340739058,3677,2,75.477,48853.74358184491
5468,,,,1590.0,7355.159340739058,7355.159340739058,3678,2,75.427,55496.148257741195
5469,,,,1589.0,7357.159340739058,7357.159340739058,3679,2,75.38,52147.02304885774
5470,,,,1588.0,7359.159340739058,7359.159340739058,3680,2,75.335,49911.10650177881
5471,,,,1586.0,7361.159340739058,7361.159340739058,3681,2,75.288,52111.71545886326
5472,,,,1583.0,7363.159340739058,7363.159340739058,3682,2,75.237,56525.31754800423
5473,,,,1580.0,7365.159340739058,7365.159340739058,3683,2,75.183,59824.83247382086
5474,,,,1577.0,7367.159340739058,7367.159340739058,3684,2,75.134,54263.05524047908
5475,,,,1574.0,7369.159340739058,7369.159340739058,3685,2,75.091,47602.374364395626
5476,,,,1569.0,7371.159340739058,7371.159340739058,3686,2,75.041,55332.34470718867
5477,,,,1564.0,7373.159340739058,7373.159340739058,3687,2,74.988,58627.94930477921
5478,,,,1559.0,7375.159340739058,7375.159340739058,3688,2,74.936,57497.09622804176
5479,,,,1556.0,7377.159340739058,7377.159340739058,3689,2,74.887,54158.13905147714
5480,,,,1553.0,7379.159340739058,7379.159340739058,3690,2,74.843,48614.78723590641
5481,,,,1549.0,7381.159340739058,7381.159340739058,3691,2,74.799,48599.383626939074
5482,,,,1545.0,7383.159340739058,7383.159340739058,3692,2,74.748,56310.59582640684
5483,,,,1542.0,7385.159340739058,7385.159340739058,3693,2,74.7,52977.47007143101
5484,,,,1540.0,7387.159340739058,7387.159340739058,3694,2,74.658,46339.91648219414
5485,,,,1539.0,7389.159340739058,7389.159340739058,3695,2,74.615,47429.085237623105
5486,,,,1539.0,7391.159340739058,7391.159340739058,3696,2,74.575,44107.48248178563
5487,,,,1540.0,7393.159340739058,7393.159340739058,3697,2,74.534,45197.85044166516
5488,,,,1541.0,7395.159340739058,7395.159340739058,3698,2,74.494,44083.432249273304
5489,,,,1543.0,7397.159340739058,7397.159340739058,3699,2,74.452,46274.64639696198
5490,,,,1545.0,7399.159340739058,7399.159340739058,3700,2,74.414,41856.36366789787
5491,,,,1547.0,7401.159340739058,7401.159340739058,3701,2,74.375,42947.232788821355
5492,,,,1549.0,7403.159340739058,7403.159340739058,3702,2,74.338,40735.00329646188
5493,,,,1552.0,7405.159340739058,7405.159340739058,3703,2,74.302,39625.30383865419
5494,,,,1554.0,7407.159340739058,7407.159340739058,3704,2,74.265,40716.9993457032
5495,,,,1556.0,7409.159340739058,7409.159340739058,3705,2,74.229,39607.76545717491
5496,,,,1558.0,7411.159340739058,7411.159340739058,3706,2,74.197,35200.27956186926
5497,,,,1559.0,7413.159340739058,7413.159340739058,3707,2,74.167,32995.37917288354
5498,,,,1559.0,7415.159340739058,7415.159340739058,3708,2,74.141,28592.91373916041
5499,,,,1558.0,7417.159340739058,7417.159340739058,3709,2,74.114,29690.03586765539
5500,,,,1557.0,7419.159340739058,7419.159340739058,3710,2,74.076,41778.9184627686
5501,,,,1555.0,7421.159340739058,7421.159340739058,3711,2,74.034,46164.21221817433
5502,,,,1552.0,7423.159340739058,7423.159340739058,3712,2,73.988,50544.381029011456
5503,,,,1549.0,7425.159340739058,7425.159340739058,3713,2,73.944,48330.42155014189
5504,,,,1545.0,7427.159340739058,7427.159340739058,3714,2,73.899,49412.40832858168
5505,,,,1540.0,7429.159340739058,7429.159340739058,3715,2,73.856,47200.90385081567
5506,,,,1536.0,7431.159340739058,7431.159340739058,3716,2,73.812,48283.15525123986
5507,,,,1533.0,7433.159340739058,7433.159340739058,3717,2,73.774,41687.14966956434
5508,,,,1530.0,7435.159340739058,7435.159340739058,3718,2,73.735,42773.363848531655
5509,,,,1528.0,7437.159340739058,7437.159340739058,3719,2,73.699,39473.6454087323
5510,,,,1528.0,7439.159340739058,7439.159340739058,3720,2,73.664,38368.9893275228
5511,,,,1527.0,7441.159340739058,7441.159340739058,3721,2,73.63,37265.29621379045
5512,,,,1526.0,7443.159340739058,7443.159340739058,3722,2,73.594,39449.22086811631
5513,,,,1525.0,7445.159340739058,7445.159340739058,3723,2,73.555,42726.36232137211
5514,,,,1523.0,7447.159340739058,7447.159340739058,3724,2,73.514,44905.097360421336
5515,,,,1520.0,7449.159340739058,7449.159340739058,3725,2,73.468,50365.04755813492
5516,,,,1518.0,7451.159340739058,7451.159340739058,3726,2,73.423,49252.87110242441
5517,,,,1516.0,7453.159340739058,7453.159340739058,3727,2,73.382,44860.603337701614
5518,,,,1514.0,7455.159340739058,7455.159340739058,3728,2,73.342,43754.031964430746
5519,,,,1510.0,7457.159340739058,7457.159340739058,3729,2,73.295,51394.28728965057
5520,,,,1506.0,7459.159340739058,7459.159340739058,3730,2,73.251,48096.838448906274
5521,,,,1502.0,7461.159340739058,7461.159340739058,3731,2,73.208,46988.41924307493
5522,,,,1498.0,7463.159340739058,7463.159340739058,3732,2,73.161,51341.632968594626
5523,,,,1494.0,7465.159340739058,7465.159340739058,3733,2,73.113,52414.01843555071
5524,,,,1492.0,7467.159340739058,7467.159340739058,3734,2,73.073,43663.76621541802
5525,,,,1488.0,7469.159340739058,7469.159340739058,3735,2,73.028,49106.32419784563
5526,,,,1485.0,7471.159340739058,7471.159340739058,3736,2,72.98,52360.753585088154
5527,,,,1483.0,7473.159340739058,7473.159340739058,3737,2,72.933,51250.26164760392
5528,,,,1483.0,7475.159340739058,7475.159340739058,3738,2,72.886,51230.95221565202
5529,,,,1483.0,7477.159340739058,7477.159340739058,3739,2,72.842,47943.784961914396
5530,,,,1483.0,7479.159340739058,7479.159340739058,3740,2,72.797,49016.57792516716
5531,,,,1483.0,7481.159340739058,7481.159340739058,3741,2,72.756,44645.11260642281
5532,,,,1482.0,7483.159340739058,7483.159340739058,3742,2,72.711,48984.873291869844
5533,,,,1482.0,7485.159340739058,7485.159340739058,3743,2,72.667,47879.809764067024
5534,,,,1483.0,7487.159340739058,7487.159340739058,3744,2,72.626,44601.10552585054
5535,,,,1483.0,7489.159340739058,7489.159340739058,3745,2,72.585,44587.84099816243
5536,,,,1484.0,7491.159340739058,7491.159340739058,3746,2,72.543,45661.43285770296
5537,,,,1485.0,7493.159340739058,7493.159340739058,3747,2,72.497,49993.160215923526
5538,,,,1486.0,7495.159340739058,7495.159340739058,3748,2,72.456,44544.27910864064
5539,,,,1488.0,7497.159340739058,7497.159340739058,3749,2,72.413,46702.55699094856
5540,,,,1490.0,7499.159340739058,7499.159340739058,3750,2,72.373,43430.931372321174
5541,,,,1491.0,7501.159340739058,7501.159340739058,3751,2,72.328,48844.136599394566
5542,,,,1490.0,7503.159340739058,7503.159340739058,3752,2,72.283,48826.77189406457
5543,,,,1488.0,7505.159340739058,7505.159340739058,3753,2,72.243,43387.62635519291
5544,,,,1485.0,7507.159340739058,7507.159340739058,3754,2,72.2,46627.33451612948
5545,,,,1481.0,7509.159340739058,7509.159340739058,3755,2,72.158,45528.3034126389
5546,,,,1476.0,7511.159340739058,7511.159340739058,3756,2,72.104,58513.042915941915
5547,,,,1472.0,7513.159340739058,7513.159340739058,3757,2,72.051,57402.15269250171
5548,,,,1468.0,7515.159340739058,7515.159340739058,3758,2,72.007,47635.228269556916
5549,,,,1463.0,7517.159340739058,7517.159340739058,3759,2,71.961,49782.59821451297
5550,,,,1457.0,7519.159340739058,7519.159340739058,3760,2,71.911,54089.82463353741
5551,,,,1449.0,7521.159340739058,7521.159340739058,3761,2,71.842,74602.0560909419
5552,,,,1444.0,7523.159340739058,7523.159340739058,3762,2,71.796,49708.13182370518
5553,,,,1441.0,7525.159340739058,7525.159340739058,3763,2,71.752,47529.74921396609
5554,,,,1438.0,7527.159340739058,7527.159340739058,3764,2,71.711,44274.62328051491
5555,,,,1435.0,7529.159340739058,7529.159340739058,3765,2,71.665,49657.03448333061
5556,,,,1432.0,7531.159340739058,7531.159340739058,3766,2,71.612,57189.2215937551
5557,,,,1429.0,7533.159340739058,7533.159340739058,3767,2,71.562,53927.62777254563
5558,,,,1428.0,7535.159340739058,7535.159340739058,3768,2,71.519,46359.93974617981
5559,,,,1427.0,7537.159340739058,7537.159340739058,3769,2,71.499,21558.9890918874
5560,,,,1424.0,7539.159340739058,7539.159340739058,3770,2,71.434,70043.65303323818
5561,,,,1422.0,7541.159340739058,7541.159340739058,3771,2,71.389,48467.29502350869
5562,,,,1423.0,7543.159340739058,7543.159340739058,3772,2,71.343,49525.91007502057
5563,,,,1425.0,7545.159340739058,7545.159340739058,3773,2,71.299,47355.29122199153
5564,,,,1429.0,7547.159340739058,7547.159340739058,3774,2,71.257,45187.4995730944
5565,,,,1434.0,7549.159340739058,7549.159340739058,3775,2,71.224,35495.18847692013
5566,,,,1438.0,7551.159340739058,7551.159340739058,3776,2,71.198,27961.73160630644
5567,,,,1442.0,7553.159340739058,7553.159340739058,3777,2,71.179,20432.527181662277
5568,,,,1446.0,7555.159340739058,7555.159340739058,3778,2,71.166,13980.70903265314
5569,,,,1452.0,7557.159340739058,7557.159340739058,3779,2,71.156,10755.500316916861
5570,,,,1456.0,7559.159340739058,7559.159340739058,3780,2,71.154,2151.487931571424
5575,,,,1469.0,7569.159340739058,7569.159340739058,3785,2,71.128,28000.83336229086
5576,,,,1470.0,7571.159340739058,7571.159340739058,3786,2,71.085,46298.84318296137
5577,,,,1471.0,7573.159340739058,7573.159340739058,3787,2,71.038,50587.0458742381
5578,,,,1471.0,7575.159340739058,7575.159340739058,3788,2,70.987,54868.962273793775
5579,,,,1472.0,7577.159340739058,7577.159340739058,3789,2,70.938,52694.02863227696
5580,,,,1473.0,7579.159340739058,7579.159340739058,3790,2,70.892,49447.799787669916
5581,,,,1472.0,7581.159340739058,7581.159340739058,3791,2,70.846,49428.76468132463
5582,,,,1470.0,7583.159340739058,7583.159340739058,3792,2,70.803,46188.31831062975
5583,,,,1468.0,7585.159340739058,7585.159340739058,3793,2,70.776,28995.280406168466
5584,,,,1465.0,7587.159340739058,7587.159340739058,3794,2,70.763,13960.426297065607
5585,,,,1461.0,7589.159340739058,7589.159340739058,3795,2,70.759,4296.132032885543
5608,,,,1444.0,7635.159340739058,7635.159340739058,3818,2,70.753,6482.80001176024
5609,,,,1446.0,7637.159340739058,7637.159340739058,3819,2,70.708,48616.2088875148
5610,,,,1448.0,7639.159340739058,7639.159340739058,3820,2,70.664,47518.38231003102
5611,,,,1451.0,7641.159340739058,7641.159340739058,3821,2,70.634,32390.41597583365
5612,,,,1454.0,7643.159340739058,7643.159340739058,3822,2,70.617,18353.26630065404
5613,,,,1455.0,7645.159340739058,7645.159340739058,3823,2,70.616,1079.748789175755
5618,,,,1469.0,7655.159340739058,7655.159340739058,3828,2,70.609,7567.699145276522
5619,,,,1473.0,7657.159340739058,7657.159340739058,3829,2,70.582,29190.29358091489
5620,,,,1477.0,7659.159340739058,7659.159340739058,3830,2,70.552,32429.033831861856
5621,,,,1481.0,7661.159340739058,7661.159340739058,3831,2,70.522,32423.71178506389
5622,,,,1484.0,7663.159340739058,7663.159340739058,3832,2,70.484,41060.95494802135
5623,,,,1487.0,7665.159340739058,7665.159340739058,3833,2,70.445,42129.48638851117
5624,,,,1488.0,7667.159340739058,7667.159340739058,3834,2,70.4,48594.647580574165
5625,,,,1489.0,7669.159340739058,7669.159340739058,3835,2,70.359,44259.63118537856
5626,,,,1489.0,7671.159340739058,7671.159340739058,3836,2,70.326,35614.162711113204
5627,,,,1489.0,7673.159340739058,7673.159340739058,3837,2,70.306,21581.83488813201
5628,,,,1487.0,7675.159340739058,7675.159340739058,3838,2,70.293,14028.556465921729
5629,,,,1485.0,7677.159340739058,7677.159340739058,3839,2,70.283,10792.243514842861
5630,,,,1484.0,7679.159340739058,7679.159340739058,3840,2,70.277,6476.295821605938
5631,,,,1482.0,7681.159340739058,7681.159340739058,3841,2,70.269,8636.449765623307
5638,,,,1478.0,7695.159340739058,7695.159340739058,3848,2,70.249,21626.168004850482
5639,,,,1480.0,7697.159340739058,7697.159340739058,3849,2,70.218,33517.10331457442
5640,,,,1481.0,7699.159340739058,7699.159340739058,3850,2,70.181,39995.30807438229
5641,,,,1482.0,7701.159340739058,7701.159340739058,3851,2,70.142,42145.34150465214
5642,,,,1484.0,7703.159340739058,7703.159340739058,3852,2,70.111,33492.12741750796
5643,,,,1485.0,7705.159340739058,7705.159340739058,3853,2,70.091,21605.574997817002
5644,,,,1485.0,7707.159340739058,7707.159340739058,3854,2,70.08,11883.522551453412
5652,,,,1490.0,7723.159340739058,7723.159340739058,3862,2,70.067,14070.908957650898
5653,,,,1491.0,7725.159340739058,7725.159340739058,3863,2,70.051,17318.942024081207
5654,,,,1491.0,7727.159340739058,7727.159340739058,3864,2,70.038,14072.370323507983
5655,,,,1490.0,7729.159340739058,7729.159340739058,3865,2,70.024,15155.861218151762
5656,,,,1488.0,7731.159340739058,7731.159340739058,3866,2,69.997,29228.165875340947
5657,,,,1487.0,7733.159340739058,7733.159340739058,3867,2,69.961,38963.43054040313
5658,,,,1485.0,7735.159340739058,7735.159340739058,3868,2,69.917,47607.05920360819
5659,,,,1486.0,7737.159340739058,7737.159340739058,3869,2,69.879,41101.70923351881
5660,,,,1486.0,7739.159340739058,7739.159340739058,3870,2,69.843,38927.90957064422
5661,,,,1486.0,7741.159340739058,7741.159340739058,3871,2,69.805,41079.4219453865
5662,,,,1485.0,7743.159340739058,7743.159340739058,3872,2,69.766,42148.09920150696
5663,,,,1484.0,7745.159340739058,7745.159340739058,3873,2,69.725,44295.58088557223
5664,,,,1485.0,7747.159340739058,7747.159340739058,3874,2,69.687,41041.785164418754
5665,,,,1484.0,7749.159340739058,7749.159340739058,3875,2,69.65,39950.55075723194
5666,,,,1484.0,7751.159340739058,7751.159340739058,3876,2,69.611,42097.93383707741
5667,,,,1483.0,7753.159340739058,7753.159340739058,3877,2,69.575,38848.724496005314
5668,,,,1483.0,7755.159340739058,7755.159340739058,3878,2,69.548,29130.867889965386
5669,,,,1483.0,7757.159340739058,7757.159340739058,3879,2,69.533,16183.102174040549
5670,,,,1483.0,7759.159340739058,7759.159340739058,3880,2,69.53,3237.0359262037096
5676,,,,1489.0,7771.159340739058,7771.159340739058,3886,2,69.518,12966.769968133507
5677,,,,1490.0,7773.159340739058,7773.159340739058,3887,2,69.481,39977.070882532
5678,,,,1491.0,7775.159340739058,7775.159340739058,3888,2,69.441,43205.62743735746
5679,,,,1492.0,7777.159340739058,7777.159340739058,3889,2,69.407,36714.66268486636
5680,,,,1493.0,7779.159340739058,7779.159340739058,3890,2,69.383,25912.068597629153
5681,,,,1495.0,7781.159340739058,7781.159340739058,3891,2,69.367,17274.173736431134
5682,,,,1497.0,7783.159340739058,7783.159340739058,3892,2,69.355,12956.345160792536
5683,,,,1500.0,7785.159340739058,7785.159340739058,3893,2,69.351,4319.393246071486
5690,,,,1513.0,7799.159340739058,7799.159340739058,3900,2,69.32,33527.0339731348
5691,,,,1515.0,7801.159340739058,7801.159340739058,3901,2,69.285,37844.78916480611
5692,,,,1516.0,7803.159340739058,7803.159340739058,3902,2,69.242,46480.774921757584
5693,,,,1517.0,7805.159340739058,7805.159340739058,3903,2,69.202,43223.09919077789
5694,,,,1518.0,7807.159340739058,7807.159340739058,3904,2,69.169,35649.38668953569
5695,,,,1519.0,7809.159340739058,7809.159340739058,3905,2,69.145,25922.78556132055
5696,,,,1520.0,7811.159340739058,7811.159340739058,3906,2,69.13,16201.320867611012
5697,,,,1520.0,7813.159340739058,7813.159340739058,3907,2,69.125,5401.04172326448
5704,,,,1527.0,7828.159340739058,7828.159340739058,3914,2,69.12,5411.019440297435
5705,,,,1531.0,7830.159340739058,7830.159340739058,3915,2,69.099,22727.812672270713
5706,,,,1534.0,7832.159340739058,7832.159340739058,3916,2,69.084,16234.069112720796
5707,,,,1536.0,7834.159340739058,7834.159340739058,3917,2,69.073,11905.783472434052
5708,,,,1538.0,7836.159340739058,7836.159340739058,3918,2,69.063,10824.55706691346
5709,,,,1541.0,7838.159340739058,7838.159340739058,3919,2,69.052,11908.24115080325
5710,,,,1544.0,7840.159340739058,7840.159340739058,3920,2,69.043,9744.181237434612
5711,,,,1545.0,7842.159340739058,7842.159340739058,3921,2,69.039,4331.444184357017
5712,,,,1547.0,7844.159340739058,7844.159340739058,3922,2,69.031,8664.344641401933
5713,,,,1548.0,7846.159340739058,7846.159340739058,3923,2,69.025,6499.256243670676
5714,,,,1547.0,7848.159340739058,7848.159340739058,3924,2,69.015,10833.599153961739
5715,,,,1546.0,7850.159340739058,7850.159340739058,3925,2,69.004,11918.182562539425
5716,,,,1545.0,7852.159340739058,7852.159340739058,3926,2,68.99,15169.712264934078
5717,,,,1545.0,7854.159340739058,7854.159340739058,3927,2,68.969,22754.591338270275
5718,,,,1544.0,7856.159340739058,7856.159340739058,3928,2,68.942,29253.171352699042
5719,,,,1541.0,7858.159340739058,7858.159340739058,3929,2,68.908,36830.40701410102
5720,,,,1539.0,7860.159340739058,7860.159340739058,3930,2,68.864,47648.034398457945
5721,,,,1536.0,7862.159340739058,7862.159340739058,3931,2,68.824,43300.999812313945
5722,,,,1534.0,7864.159340739058,7864.159340739058,3932,2,68.787,40041.20874841364
5723,,,,1530.0,7866.159340739058,7866.159340739058,3933,2,68.745,45437.64231092374
5724,,,,1527.0,7868.159340739058,7868.159340739058,3934,2,68.704,44340.295962246884
5725,,,,1524.0,7870.159340739058,7870.159340739058,3935,2,68.672,34597.47230698399
5726,,,,1520.0,7872.159340739058,7872.159340739058,3936,2,68.639,35670.82435079664
5727,,,,1515.0,7874.159340739058,7874.159340739058,3937,2,68.612,29179.87857924707
5728,,,,1511.0,7876.159340739058,7876.159340739058,3938,2,68.594,19451.813733098712
5729,,,,1508.0,7878.159340739058,7878.159340739058,3939,2,68.583,11887.724902725511
5730,,,,1505.0,7880.159340739058,7880.159340739058,3940,2,68.576,7565.843425120405
5731,,,,1503.0,7882.159340739058,7882.159340739058,3941,2,68.573,3243.090814269186
5732,,,,1502.0,7884.159340739058,7884.159340739058,3942,2,68.569,4324.997521220464
5733,,,,1500.0,7886.159340739058,7886.159340739058,3943,2,68.567,2162.9526947135105
5734,,,,1499.0,7888.159340739058,7888.159340739058,3944,2,68.565,2163.438133423415
5735,,,,1498.0,7890.159340739058,7890.159340739058,3945,2,68.56,5409.690497989297
5736,,,,1496.0,7892.159340739058,7892.159340739058,3946,2,68.55,10820.939672092858
5737,,,,1495.0,7894.159340739058,7894.159340739058,3947,2,68.527,24888.47663885704
5738,,,,1495.0,7896.159340739058,7896.159340739058,3948,2,68.5,29213.64970155428
5739,,,,1495.0,7898.159340739058,7898.159340739058,3949,2,68.467,35698.97728396057
5740,,,,1495.0,7900.159340739058,7900.159340739058,3950,2,68.43,40015.80019095
5741,,,,1495.0,7902.159340739058,7902.159340739058,3951,2,68.388,45408.62074061366
5742,,,,1496.0,7904.159340739058,7904.159340739058,3952,2,68.35,41070.359717502935
5743,,,,1497.0,7906.159340739058,7906.159340739058,3953,2,68.312,41057.91881731152
5744,,,,1498.0,7908.159340739058,7908.159340739058,3954,2,68.275,39965.61511531173
5745,,,,1500.0,7910.159340739058,7910.159340739058,3955,2,68.235,43192.63406417831
5746,,,,1502.0,7912.159340739058,7912.159340739058,3956,2,68.198,39940.74650740355
5747,,,,1504.0,7914.159340739058,7914.159340739058,3957,2,68.159,42086.88998376733
5748,,,,1505.0,7916.159340739058,7916.159340739058,3958,2,68.12,42073.44487306815
5749,,,,1506.0,7918.159340739058,7918.159340739058,3959,2,68.083,39903.65109741385
5750,,,,1506.0,7920.159340739058,7920.159340739058,3960,2,68.046,39892.04472312359
5751,,,,1507.0,7922.159340739058,7922.159340739058,3961,2,68.006,43113.02490505596
5752,,,,1508.0,7924.159340739058,7924.159340739058,3962,2,67.966,43098.55175516559
5753,,,,1508.0,7926.159340739058,7926.159340739058,3963,2,67.929,39853.640673551476
5754,,,,1509.0,7928.159340739058,7928.159340739058,3964,2,67.889,43071.46981362663
5755,,,,1510.0,7930.159340739058,7930.159340739058,3965,2,67.851,40904.7134986494
5756,,,,1511.0,7932.159340739058,7932.159340739058,3966,2,67.814,39816.30668757708
5757,,,,1512.0,7934.159340739058,7934.159340739058,3967,2,67.776,40880.12127040719
5758,,,,1512.0,7936.159340739058,7936.159340739058,3968,2,67.739,39792.3394232207
5759,,,,1512.0,7938.159340739058,7938.159340739058,3969,2,67.707,34406.14176211525
5760,,,,1512.0,7940.159340739058,7940.159340739058,3970,2,67.678,31174.375698028853
5761,,,,1511.0,7942.159340739058,7942.159340739058,3971,2,67.651,29019.72099841875
5762,,,,1508.0,7944.159340739058,7944.159340739058,3972,2,67.635,17195.736649130056
5763,,,,1505.0,7946.159340739058,7946.159340739058,3973,2,67.631,4299.380757542893
5848,,,,1835.0,8116.159340739058,8116.159340739058,4058,2,67.607,26342.71576614985
5849,,,,1840.0,8118.159340739058,8118.159340739058,4059,2,67.571,39506.27556104877
5850,,,,1846.0,8120.159340739058,8120.159340739058,4060,2,67.543,30720.12185660005
5851,,,,1851.0,8122.159340739058,8122.159340739058,4061,2,67.531,13165.11060949235
5857,,,,1878.0,8134.159340739058,8134.159340739058,4067,2,67.509,24165.611302220972
5858,,,,1882.0,8136.159340739058,8136.159340739058,4068,2,67.474,38438.51187018057
5859,,,,1887.0,8138.159340739058,8138.159340739058,4069,2,67.44,37330.355396086576
5860,,,,1892.0,8140.159340739058,8140.159340739058,4070,2,67.417,25248.42176891884
5861,,,,1896.0,8142.159340739058,8142.159340739058,4071,2,67.409,8782.198202191008
5871,,,,1941.0,8162.159340739058,8162.159340739058,4081,2,67.392,18704.54310195755
5872,,,,1944.0,8164.159340739058,8164.159340739058,4082,2,67.352,44002.859448332994
5873,,,,1947.0,8166.159340739058,8166.159340739058,4083,2,67.317,38490.49792904146
5874,,,,1950.0,8168.159340739058,8168.159340739058,4084,2,67.291,28586.989405989156
5875,,,,1953.0,8170.159340739058,8170.159340739058,4085,2,67.283,8795.928184960068
5881,,,,1973.0,8182.159340739058,8182.159340739058,4091,2,67.255,30822.717894768222
5882,,,,1974.0,8184.159340739058,8184.159340739058,4092,2,67.212,47321.4722250512
5883,,,,1976.0,8186.159340739058,8186.159340739058,4093,2,67.17,46203.04351014399
5884,,,,1977.0,8188.159340739058,8188.159340739058,4094,2,67.133,40688.69146576003
5885,,,,1980.0,8190.159340739058,8190.159340739058,4095,2,67.106,29684.847593020826
5886,,,,1983.0,8192.159340739057,8192.159340739057,4096,2,67.093,14291.934687772056
5893,,,,2006.0,8206.159340739057,8206.159340739057,4103,2,67.062,34127.8164970688
5894,,,,2008.0,8208.159340739057,8208.159340739057,4104,2,67.028,37421.4909239808
5895,,,,2009.0,8210.159340739057,8210.159340739057,4105,2,66.993,38511.68177519351
5896,,,,2009.0,8212.159340739057,8212.159340739057,4106,2,66.951,46198.717770911746
5897,,,,2010.0,8214.159340739057,8214.159340739057,4107,2,66.905,50577.667584833995
5898,,,,2011.0,8216.159340739057,8216.159340739057,4108,2,66.863,46160.486513065
5899,,,,2014.0,8218.159340739057,8218.159340739057,4109,2,66.823,43946.113985048534
5900,,,,2018.0,8220.159340739057,8220.159340739057,4110,2,66.789,37342.60561437513
5901,,,,2023.0,8222.159340739057,8222.159340739057,4111,2,66.755,37332.68159799494
5902,,,,2028.0,8224.159340739057,8224.159340739057,4112,2,66.719,39517.61197845047
5903,,,,2032.0,8226.159340739057,8226.159340739057,4113,2,66.68,42797.09576590076
5904,,,,2035.0,8228.159340739057,8228.159340739057,4114,2,66.635,49362.16781298011
5905,,,,2039.0,8230.159340739057,8230.159340739057,4115,2,66.592,47148.61585501861
5906,,,,2043.0,8232.159340739057,8232.159340739057,4116,2,66.549,47129.63085176097
5907,,,,2046.0,8234.159340739057,8234.159340739057,4117,2,66.507,46015.380820139544
5908,,,,2048.0,8236.159340739057,8236.159340739057,4118,2,66.46,51471.45775583469
5909,,,,2050.0,8238.159340739057,8238.159340739057,4119,2,66.412,52541.79398027508
5910,,,,2052.0,8240.159340739057,8240.159340739057,4120,2,66.364,52516.57903804851
5911,,,,2052.0,8242.159340739057,8242.159340739057,4121,2,66.316,52491.34566380638
5912,,,,2052.0,8244.159340739057,8244.159340739057,4122,2,66.265,55743.963367282886
5913,,,,2051.0,8246.159340739057,8246.159340739057,4123,2,66.217,52438.44872543199
5914,,,,2050.0,8248.159340739057,8248.159340739057,4124,2,66.166,55687.7199782601
5915,,,,2049.0,8250.159340739057,8250.159340739057,4125,2,66.113,57840.109853978975
5916,,,,2049.0,8252.159340739057,8252.159340739057,4126,2,66.061,56717.487252539715
5917,,,,2050.0,8254.159340739057,8254.159340739057,4127,2,66.013,52327.672356902964
5918,,,,2052.0,8256.159340739057,8256.159340739057,4128,2,65.965,52302.30707866083
5919,,,,2052.0,8258.159340739057,8258.159340739057,4129,2,65.915,54454.30269283025
5920,,,,2052.0,8260.159340739057,8260.159340739057,4130,2,65.857,63130.54756558384
5921,,,,2052.0,8262.159340739057,8262.159340739057,4131,2,65.806,55478.854949268156
5922,,,,2054.0,8264.159340739057,8264.159340739057,4132,2,65.756,54362.4665593125
5923,,,,2054.0,8266.159340739057,8266.159340739057,4133,2,65.705,55420.55622773986
5924,,,,2054.0,8268.159340739057,8268.159340739057,4134,2,65.649,60819.124914429696
5925,,,,2054.0,8270.159340739057,8270.159340739057,4135,2,65.594,59697.028729621285
5926,,,,2053.0,8272.159340739057,8272.159340739057,4136,2,65.536,62914.238752356636
5927,,,,2051.0,8274.159340739057,8274.159340739057,4137,2,65.481,59623.054389015895
5928,,,,2050.0,8276.159340739057,8276.159340739057,4138,2,65.427,58504.43521677012
5929,,,,2050.0,8278.159340739057,8278.159340739057,4139,2,65.378,53058.40699571039
5930,,,,2049.0,8280.159340739057,8280.159340739057,4140,2,65.327,55195.169558198315
5931,,,,2047.0,8282.159340739057,8282.159340739057,4141,2,65.273,58409.10053463034
5932,,,,2045.0,8284.159340739057,8284.159340739057,4142,2,65.217,60535.99733288739
5933,,,,2042.0,8286.159340739057,8286.159340739057,4143,2,65.161,60498.641421502274
5934,,,,2039.0,8288.159340739057,8288.159340739057,4144,2,65.101,64777.932722603524
5935,,,,2034.0,8290.159340739057,8290.159340739057,4145,2,65.042,63655.46621782369
5936,,,,2031.0,8292.159340739057,8292.159340739057,4146,2,64.983,63613.09307849347
5937,,,,2028.0,8294.159340739057,8294.159340739057,4147,2,64.924,63570.69209116325
5938,,,,2025.0,8296.159340739057,8296.159340739057,4148,2,64.867,61375.708568652524
5939,,,,2021.0,8298.159340739057,8298.159340739057,4149,2,64.807,64563.33086106224
5940,,,,2015.0,8300.159340739057,8300.159340739057,4150,2,64.744,67743.51839338396
5941,,,,2008.0,8302.159340739057,8302.159340739057,4151,2,64.678,70915.81636901328
5942,,,,2002.0,8304.159340739057,8304.159340739057,4152,2,64.611,71933.64261931495
5943,,,,1996.0,8306.159340739057,8306.159340739057,4153,2,64.548,67587.35976030507
5944,,,,1991.0,8308.159340739057,8308.159340739057,4154,2,64.488,64323.09892149874
5945,,,,1985.0,8310.159340739057,8310.159340739057,4155,2,64.426,66420.34463762361
5946,,,,1979.0,8312.159340739057,8312.159340739057,4156,2,64.362,68512.40813921418
5947,,,,1974.0,8314.159340739057,8314.159340739057,4157,2,64.301,65253.205678700404
5948,,,,1969.0,8316.159340739057,8316.159340739057,4158,2,64.237,68412.31931776233
5949,,,,1963.0,8318.159340739057,8318.159340739057,4159,2,64.175,66225.39159030245
5950,,,,1956.0,8320.159340739057,8320.159340739057,4160,2,64.11,69377.85666673371
5951,,,,1950.0,8322.159340739057,8322.159340739057,4161,2,64.047,67192.20740176155
5952,,,,1944.0,8324.159340739057,8324.159340739057,4162,2,63.988,62881.24073029732
5953,,,,1940.0,8326.159340739057,8326.159340739057,4163,2,63.928,63902.939893801056
5954,,,,1935.0,8328.159340739057,8328.159340739057,4164,2,63.87,61730.68223081048
5955,,,,1930.0,8330.159340739057,8330.159340739057,4165,2,63.811,62752.58141230665
5956,,,,1924.0,8332.159340739057,8332.159340739057,4166,2,63.754,60584.83865918083
5957,,,,1918.0,8334.159340739057,8334.159340739057,4167,2,63.696,61606.939262677006
5958,,,,1912.0,8336.159340739057,8336.159340739057,4168,2,63.638,61565.63778263251
5959,,,,1907.0,8338.159340739057,8338.159340739057,4169,2,63.581,60464.02071065523
5960,,,,1903.0,8340.159340739057,8340.159340739057,4170,2,63.528,56185.79362303069
5961,,,,1901.0,8342.159340739057,8342.159340739057,4171,2,63.47,61447.378013400186
5962,,,,1897.0,8344.159340739057,8344.159340739057,4172,2,63.413,60347.72226896893
5963,,,,1893.0,8346.159340739057,8346.159340739057,4173,2,63.353,63480.554099282526
5964,,,,1889.0,8348.159340739057,8348.159340739057,4174,2,63.293,63435.659272036726
5965,,,,1885.0,8350.159340739057,8350.159340739057,4175,2,63.236,60222.62673979149
5966,,,,1883.0,8352.159340739057,8352.159340739057,4176,2,63.178,61238.13251221067
5967,,,,1880.0,8354.159340739057,8354.159340739057,4177,2,63.126,54868.514551380285
5968,,,,1878.0,8356.159340739057,8356.159340739057,4178,2,63.069,60106.81509625501
5969,,,,1876.0,8358.159340739057,8358.159340739057,4179,2,63.013,59013.552975952196
5970,,,,1875.0,8360.159340739057,8360.159340739057,4180,2,62.957,58975.2392405596
5971,,,,1873.0,8362.159340739057,8362.159340739057,4181,2,62.9,59988.868424403816
5972,,,,1871.0,8364.159340739057,8364.159340739057,4182,2,62.846,56795.01734487312
5973,,,,1870.0,8366.159340739057,8366.159340739057,4183,2,62.787,62012.8760908465
5974,,,,1868.0,8368.159340739057,8368.159340739057,4184,2,62.729,60919.59749310763
5975,,,,1866.0,8370.159340739057,8370.159340739057,4185,2,62.673,58779.54441224937
5976,,,,1863.0,8372.159340739057,8372.159340739057,4186,2,62.615,60838.00376998569
5977,,,,1860.0,8374.159340739057,8374.159340739057,4187,2,62.557,60796.1958339412
5978,,,,1859.0,8376.159340739057,8376.159340739057,4188,2,62.499,60754.36098589671
5979,,,,1858.0,8378.159340739057,8378.159340739057,4189,2,62.446,55480.883297922584
5980,,,,1857.0,8380.159340739057,8380.159340739057,4190,2,62.388,60675.47104622535
5981,,,,1854.0,8382.159340739057,8382.159340739057,4191,2,62.332,58543.68312670788
5982,,,,1850.0,8384.159340739057,8384.159340739057,4192,2,62.272,62681.98742960935
5983,,,,1844.0,8386.159340739057,8386.159340739057,4193,2,62.213,61593.11168637958
5984,,,,1839.0,8388.159340739057,8388.159340739057,4194,2,62.156,59463.93837575967
5985,,,,1833.0,8390.159340739057,8390.159340739057,4195,2,62.097,61507.64564532355
5986,,,,1829.0,8392.159340739057,8392.159340739057,4196,2,62.044,55215.98579409499
5987,,,,1825.0,8394.159340739057,8394.159340739057,4197,2,61.99,56222.70262213306
5988,,,,1820.0,8396.159340739057,8396.159340739057,4198,2,61.934,58267.1964079425
5989,,,,1813.0,8398.159340739057,8398.159340739057,4199,2,61.879,57189.07163502057
5990,,,,1808.0,8400.159340739057,8400.159340739057,4200,2,61.82,61306.387307112156
5991,,,,1804.0,8402.159340739057,8402.159340739057,4201,2,61.763,59186.751294975875
5992,,,,1800.0,8404.159340739057,8404.159340739057,4202,2,61.71,54997.39861278807
5993,,,,1795.0,8406.159340739057,8406.159340739057,4203,2,61.655,57036.42158886477
5994,,,,1790.0,8408.159340739057,8408.159340739057,4204,2,61.6,56999.122374853294
5995,,,,1787.0,8410.159340739057,8410.159340739057,4205,2,61.546,55926.58403743333
5996,,,,1784.0,8412.159340739057,8412.159340739057,4206,2,61.495,52787.06536963959
5997,,,,1780.0,8414.159340739057,8414.159340739057,4207,2,61.44,56891.707320456284
5998,,,,1777.0,8416.159340739057,8416.159340739057,4208,2,61.386,55821.052108018004
5999,,,,1775.0,8418.159340739057,8418.159340739057,4209,2,61.334,53719.97874336544
6000,,,,1772.0,8420.159340739057,8420.159340739057,4210,2,61.279,56783.154848531805
6001,,,,1770.0,8422.159340739057,8422.159340739057,4211,2,61.225,55714.403225408576
6002,,,,1767.0,8424.159340739057,8424.159340739057,4212,2,61.172,54647.867033911745
6003,,,,1766.0,8426.159340739057,8426.159340739057,4213,2,61.12,53583.49766107795
6004,,,,1765.0,8428.159340739057,8428.159340739057,4214,2,61.07,51491.83949224234
6005,,,,1763.0,8430.159340739057,8430.159340739057,4215,2,61.021,50433.08261943791
6006,,,,1760.0,8432.159340739057,8432.159340739057,4216,2,60.97,52461.025056943006
6007,,,,1757.0,8434.159340739057,8434.159340739057,4217,2,60.918,53457.186313647704
6008,,,,1754.0,8436.159340739057,8436.159340739057,4218,2,60.869,50343.312343898266
6009,,,,1752.0,8438.159340739057,8438.159340739057,4219,2,60.822,48261.85827168917
6010,,,,1748.0,8440.159340739057,8440.159340739057,4220,2,60.775,48236.008601729074
6011,,,,1744.0,8442.159340739057,8442.159340739057,4221,2,60.723,53336.684730217516
6012,,,,1739.0,8444.159340739057,8444.159340739057,4222,2,60.675,49204.99467105979
6013,,,,1735.0,8446.159340739057,8446.159340739057,4223,2,60.628,48153.589925951455
6014,,,,1732.0,8448.159340739057,8448.159340739057,4224,2,60.578,51198.380052678
6015,,,,1728.0,8450.159340739057,8450.159340739057,4225,2,60.526,53214.10103364446
6016,,,,1725.0,8452.159340739057,8452.159340739057,4226,2,60.474,53180.98657193701
6017,,,,1723.0,8454.159340739057,8454.159340739057,4227,2,60.425,50082.87109666403
6018,,,,1722.0,8456.159340739057,8456.159340739057,4228,2,60.381,44948.41055395905
6019,,,,1722.0,8458.159340739057,8458.159340739057,4229,2,60.333,49008.87583958464
6020,,,,1723.0,8460.159340739057,8460.159340739057,4230,2,60.286,47961.43009746539
6021,,,,1722.0,8462.159340739057,8462.159340739057,4231,2,60.234,53032.691074784896
6022,,,,1723.0,8464.159340739057,8464.159340739057,4232,2,60.185,49943.03457896985
6023,,,,1724.0,8466.159340739057,8466.159340739057,4233,2,60.139,46859.379199693336
6024,,,,1724.0,8468.159340739057,8468.159340739057,4234,2,60.088,51923.171046012736
6025,,,,1725.0,8470.159340739057,8470.159340739057,4235,2,60.038,50874.318048285335
6026,,,,1727.0,8472.159340739057,8472.159340739057,4236,2,59.99,48811.02438480555
6027,,,,1730.0,8474.159340739057,8474.159340739057,4237,2,59.944,46751.63201312048
6028,,,,1732.0,8476.159340739057,8476.159340739057,4238,2,59.901,43680.488596206764
6029,,,,1733.0,8478.159340739057,8478.159340739057,4239,2,59.851,50763.82686861351
6030,,,,1733.0,8480.159340739057,8480.159340739057,4240,2,59.798,53776.05700288187
6031,,,,1733.0,8482.159340739057,8482.159340739057,4241,2,59.743,55768.11953632053
6032,,,,1733.0,8484.159340739057,8484.159340739057,4242,2,59.694,49652.80441981217
6033,,,,1734.0,8486.159340739057,8486.159340739057,4243,2,59.649,45574.36713908369
6034,,,,1733.0,8488.159340739057,8488.159340739057,4244,2,59.601,48586.224066392206
6035,,,,1732.0,8490.159340739057,8490.159340739057,4245,2,59.55,51592.15975603033
6036,,,,1731.0,8492.159340739057,8492.159340739057,4246,2,59.502,48528.410584010635
6037,,,,1731.0,8494.159340739057,8494.159340739057,4247,2,59.459,43450.36864134659
6038,,,,1732.0,8496.159340739057,8496.159340739057,4248,2,59.418,41409.915291914476
6039,,,,1733.0,8498.159340739057,8498.159340739057,4249,2,59.375,43409.43923026909
6040,,,,1733.0,8500.159340739057,8500.159340739057,4250,2,59.329,46414.134061621466
6041,,,,1732.0,8502.159340739057,8502.159340739057,4251,2,59.28,49413.19824503971
6042,,,,1730.0,8504.159340739057,8504.159340739057,4252,2,59.23,50391.39617355358
6043,,,,1730.0,8506.159340739057,8506.159340739057,4253,2,59.184,46333.42420001601
6044,,,,1729.0,8508.159340739057,8508.159340739057,4254,2,59.138,46308.311757686
6045,,,,1728.0,8510.159340739057,8510.159340739057,4255,2,59.091,47288.93854872021
6046,,,,1727.0,8512.159340739057,8512.159340739057,4256,2,59.046,45252.04356166177
6047,,,,1726.0,8514.159340739057,8514.159340739057,4257,2,59.003,43218.783828640175
6048,,,,1725.0,8516.159340739057,8516.159340739057,4258,2,58.959,44201.660278696385
6049,,,,1722.0,8518.159340739057,8518.159340739057,4259,2,58.911,48193.70119166164
6050,,,,1721.0,8520.159340739057,8520.159340739057,4260,2,58.864,47162.70301871466
6051,,,,1721.0,8522.159340739057,8522.159340739057,4261,2,58.818,46133.618754694646
6052,,,,1721.0,8524.159340739057,8524.159340739057,4262,2,58.774,44104.40958862916
6053,,,,1721.0,8526.159340739057,8526.159340739057,4263,2,58.733,41077.21963174513
6054,,,,1719.0,8528.159340739057,8528.159340739057,4264,2,58.693,40057.105549824126
6055,,,,1716.0,8530.159340739057,8530.159340739057,4265,2,58.647,46042.72926394614
6056,,,,1712.0,8532.159340739057,8532.159340739057,4266,2,58.599,48017.35459508781
6057,,,,1707.0,8534.159340739057,8534.159340739057,4267,2,58.548,50987.30937876231
6058,,,,1702.0,8536.159340739057,8536.159340739057,4268,2,58.495,52952.177979064814
6059,,,,1696.0,8538.159340739057,8538.159340739057,4269,2,58.448,46928.46448584728
6060,,,,1691.0,8540.159340739057,8540.159340739057,4270,2,58.402,45904.21047240588
6061,,,,1684.0,8542.159340739057,8542.159340739057,4271,2,58.354,47872.72108739363
6062,,,,1676.0,8544.159340739057,8544.159340739057,4272,2,58.305,48840.9011420321
6063,,,,1668.0,8546.159340739057,8546.159340739057,4273,2,58.254,50802.72111645932
6064,,,,1661.0,8548.159340739057,8548.159340739057,4274,2,58.202,51765.191097625204
6065,,,,1655.0,8550.159340739057,8550.159340739057,4275,2,58.155,46758.93184928466
6066,,,,1649.0,8552.159340739057,8552.159340739057,4276,2,58.106,48719.847258569
6067,,,,1643.0,8554.159340739057,8554.159340739057,4277,2,58.056,49683.412866950755
6068,,,,1637.0,8556.159340739057,8556.159340739057,4278,2,58.003,52630.02273711951
6069,,,,1633.0,8558.159340739057,8558.159340739057,4279,2,57.954,48626.54565102936
6070,,,,1630.0,8560.159340739057,8560.159340739057,4280,2,57.906,47605.44293846711
6071,,,,1626.0,8562.159340739057,8562.159340739057,4281,2,57.856,49558.63448012892
6072,,,,1623.0,8564.159340739057,8564.159340739057,4282,2,57.806,49527.38988343227
6073,,,,1620.0,8566.159340739057,8566.159340739057,4283,2,57.755,50485.61091832734
6074,,,,1618.0,8568.159340739057,8568.159340739057,4284,2,57.706,48475.12403641204
6075,,,,1616.0,8570.159340739057,8570.159340739057,4285,2,57.657,48445.28530926483
6076,,,,1614.0,8572.159340739057,8572.159340739057,4286,2,57.606,50390.692906666794
6077,,,,1611.0,8574.159340739057,8574.159340739057,4287,2,57.553,52331.755622573284
6078,,,,1610.0,8576.159340739057,8576.159340739057,4288,2,57.503,49336.929455400845
6079,,,,1609.0,8578.159340739057,8578.159340739057,4289,2,57.454,48319.853703333145
6080,,,,1608.0,8580.159340739057,8580.159340739057,4290,2,57.401,52230.13265726829
6081,,,,1606.0,8582.159340739057,8582.159340739057,4291,2,57.347,53178.42348168279
6082,,,,1603.0,8584.159340739057,8584.159340739057,4292,2,57.294,52157.12038203262
6083,,,,1600.0,8586.159340739057,8586.159340739057,4293,2,57.237,56052.74068088368
6084,,,,1597.0,8588.159340739057,8588.159340739057,4294,2,57.183,53063.48835543961
6085,,,,1593.0,8590.159340739057,8590.159340739057,4295,2,57.128,54007.23374195695
6086,,,,1588.0,8592.159340739057,8592.159340739057,4296,2,57.072,54948.57741589186
6087,,,,1583.0,8594.159340739057,8594.159340739057,4297,2,57.016,54907.465248513705
6088,,,,1578.0,8596.159340739057,8596.159340739057,4298,2,56.959,55845.593869057
6089,,,,1573.0,8598.159340739057,8598.159340739057,4299,2,56.905,52867.12401939325
6090,,,,1567.0,8600.159340739057,8600.159340739057,4300,2,56.849,54784.94143620451
6091,,,,1560.0,8602.159340739057,8602.159340739057,4301,2,56.792,55720.80540952802
6092,,,,1555.0,8604.159340739057,8604.159340739057,4302,2,56.737,53725.18831871177
6093,,,,1550.0,8606.159340739057,8606.159340739057,4303,2,56.685,50758.64584675549
6094,,,,1543.0,8608.159340739057,8608.159340739057,4304,2,56.629,54623.79818204869
6095,,,,1537.0,8610.159340739057,8610.159340739057,4305,2,56.571,56530.86216755619
6096,,,,1533.0,8612.159340739057,8612.159340739057,4306,2,56.518,51618.84584729382
6097,,,,1529.0,8614.159340739057,8614.159340739057,4307,2,56.465,51582.438934117556
6098,,,,1524.0,8616.159340739057,8616.159340739057,4308,2,56.412,51546.0095489482
6099,,,,1518.0,8618.159340739057,8618.159340739057,4309,2,56.36,50538.12738903851
6100,,,,1511.0,8620.159340739057,8620.159340739057,4310,2,56.303,55356.861672926105
6101,,,,1504.0,8622.159340739057,8622.159340739057,4311,2,56.248,53373.79607777341
6102,,,,1498.0,8624.159340739057,8624.159340739057,4312,2,56.195,51395.49648378561
6103,,,,1492.0,8626.159340739057,8626.159340739057,4313,2,56.145,48453.13701692853
6104,,,,1486.0,8628.159340739057,8628.159340739057,4314,2,56.092,51325.13215611031
6105,,,,1478.0,8630.159340739057,8630.159340739057,4315,2,56.036,54190.220367267255
6106,,,,1472.0,8632.159340739057,8632.159340739057,4316,2,55.982,52215.690151671
6107,,,,1465.0,8634.159340739057,8634.159340739057,4317,2,55.931,49280.0083893085
6108,,,,1458.0,8636.159340739057,8636.159340739057,4318,2,55.881,48281.31241033303
6109,,,,1450.0,8638.159340739057,8638.159340739057,4319,2,55.83,49213.84832378021
6110,,,,1443.0,8640.159340739057,8640.159340739057,4320,2,55.781,47252.50438478163
6111,,,,1436.0,8642.159340739057,8642.159340739057,4321,2,55.738,41441.89360335408
6112,,,,1429.0,8644.159340739057,8644.159340739057,4322,2,55.695,41419.51813611203
6113,,,,1421.0,8646.159340739057,8646.159340739057,4323,2,55.647,46208.67231919702
6114,,,,1413.0,8648.159340739057,8648.159340739057,4324,2,55.598,47141.15980716481
6115,,,,1406.0,8650.159340739057,8650.159340739057,4325,2,55.548,48071.530504286435
6116,,,,1399.0,8652.159340739057,8652.159340739057,4326,2,55.501,45158.24120360137
6117,,,,1393.0,8654.159340739057,8654.159340739057,4327,2,55.453,46090.25258362827
6118,,,,1388.0,8656.159340739057,8656.159340739057,4328,2,55.406,45101.81891268857
6119,,,,1384.0,8658.159340739057,8658.159340739057,4329,2,55.359,45073.987910714364
6120,,,,1381.0,8660.159340739057,8660.159340739057,4330,2,55.311,46004.15204350214
6121,,,,1377.0,8662.159340739057,8662.159340739057,4331,2,55.262,46932.24629439296
6122,,,,1373.0,8664.159340739057,8664.159340739057,4332,2,55.211,48814.93941732461
6123,,,,1368.0,8666.159340739057,8666.159340739057,4333,2,55.159,49737.16833474285
6124,,,,1364.0,8668.159340739057,8668.159340739057,4334,2,55.11,46835.63385485331
6125,,,,1362.0,8670.159340739057,8670.159340739057,4335,2,55.063,44895.22085721765
6126,,,,1360.0,8672.159340739057,8672.159340739057,4336,2,55.022,39141.66110203937
6127,,,,1357.0,8674.159340739057,8674.159340739057,4337,2,54.978,41982.93120917411
6128,,,,1352.0,8676.159340739057,8676.159340739057,4338,2,54.937,39099.242211434415
6129,,,,1348.0,8678.159340739057,8678.159340739057,4339,2,54.902,33362.01203395706
6130,,,,1345.0,8680.159340739057,8680.159340739057,4340,2,54.874,26680.448810089936
6131,,,,1342.0,8682.159340739057,8682.159340739057,4341,2,54.845,27625.337380493213
6132,,,,1339.0,8684.159340739057,8684.159340739057,4342,2,54.811,32377.18600671376
6133,,,,1337.0,8686.159340739057,8686.159340739057,4343,2,54.777,32364.560214317975
6134,,,,1336.0,8688.159340739057,8688.159340739057,4344,2,54.742,33303.148299347544
6135,,,,1336.0,8690.159340739057,8690.159340739057,4345,2,54.706,34240.34014290204
6136,,,,1336.0,8692.159340739057,8692.159340739057,4346,2,54.667,37076.81419941287
6137,,,,1336.0,8694.159340739057,8694.159340739057,4347,2,54.625,39908.48663205974
6138,,,,1335.0,8696.159340739057,8696.159340739057,4348,2,54.583,39886.98710990561
6139,,,,1336.0,8698.159340739057,8698.159340739057,4349,2,54.546,35121.192935733045
6140,,,,1338.0,8700.159340739057,8700.159340739057,4350,2,54.515,29414.29041366948
6141,,,,1338.0,8702.159340739057,8702.159340739057,4351,2,54.487,26559.477628857447
6142,,,,1338.0,8704.159340739057,8704.159340739057,4352,2,54.456,29395.97416280106
6143,,,,1338.0,8706.159340739057,8706.159340739057,4353,2,54.427,27490.62967743632
6144,,,,1338.0,8708.159340739057,8708.159340739057,4354,2,54.398,27482.297767418462
6145,,,,1336.0,8710.159340739057,8710.159340739057,4355,2,54.364,32209.367907399395
6146,,,,1335.0,8712.159340739057,8712.159340739057,4356,2,54.327,35036.532503457034
6147,,,,1334.0,8714.159340739057,8714.159340739057,4357,2,54.288,36913.048254981935
6148,,,,1335.0,8716.159340739057,8716.159340739057,4358,2,54.25,35949.31109595204
6149,,,,1334.0,8718.159340739057,8718.159340739057,4359,2,54.212,35932.38193977599
6150,,,,1334.0,8720.159340739057,8720.159340739057,4360,2,54.175,34970.620687199116
6151,,,,1335.0,8722.159340739057,8722.159340739057,4361,2,54.136,36843.526213831414
6152,,,,1335.0,8724.159340739057,8724.159340739057,4362,2,54.096,37769.32855068069
6153,,,,1335.0,8726.159340739057,8726.159340739057,4363,2,54.056,37750.06340078361
6154,,,,1336.0,8728.159340739057,8728.159340739057,4364,2,54.015,38673.69723263043
6155,,,,1337.0,8730.159340739057,8730.159340739057,4365,2,53.978,34883.45561432311
6156,,,,1338.0,8732.159340739057,8732.159340739057,4366,2,53.944,32041.331412621163
6157,,,,1339.0,8734.159340739057,8734.159340739057,4367,2,53.916,26377.859941784674
6158,,,,1340.0,8736.159340739057,8736.159340739057,4368,2,53.888,26370.2018039317
6159,,,,1341.0,8738.159340739057,8738.159340739057,4369,2,53.861,25421.254131743866
6160,,,,1342.0,8740.159340739057,8740.159340739057,4370,2,53.831,28237.357191680498
6161,,,,1343.0,8742.159340739057,8742.159340739057,4371,2,53.8,29168.74791210121
6162,,,,1345.0,8744.159340739057,8744.159340739057,4372,2,53.771,27277.920968833172
6163,,,,1348.0,8746.159340739057,8746.159340739057,4373,2,53.737,31969.591345740922
6164,,,,1351.0,8748.159340739057,8748.159340739057,4374,2,53.709,26318.732398700136
6165,,,,1355.0,8750.159340739057,8750.159340739057,4375,2,53.691,16915.80803751739
6166,,,,1359.0,8752.159340739057,8752.159340739057,4376,2,53.676,14095.39637905749
6167,,,,1362.0,8754.159340739057,8754.159340739057,4377,2,53.668,7517.651842180858
6172,,,,1375.0,8764.159340739057,8764.159340739057,4382,2,53.659,8465.678366071828
6173,,,,1378.0,8766.159340739057,8766.159340739057,4383,2,53.634,23513.688353646554
6174,,,,1381.0,8768.159340739057,8768.159340739057,4384,2,53.597,34788.08428787032
6175,,,,1385.0,8770.159340739057,8770.159340739057,4385,2,53.554,40408.44777133913
6176,,,,1388.0,8772.159340739057,8772.159340739057,4386,2,53.509,42262.81629739116
6177,,,,1390.0,8774.159340739057,8774.159340739057,4387,2,53.482,25346.414214676297
6178,,,,1393.0,8776.159340739057,8776.159340739057,4388,2,53.468,13140.543380884643
6182,,,,1406.0,8784.159340739057,8784.159340739057,4392,2,53.447,19722.32631421819
6183,,,,1410.0,8786.159340739057,8786.159340739057,4393,2,53.409,35676.44601553606
6184,,,,1413.0,8788.159340739057,8788.159340739057,4394,2,53.361,45038.965094915744
6185,,,,1416.0,8790.159340739057,8790.159340739057,4395,2,53.315,43134.155740302675
6186,,,,1420.0,8792.159340739057,8792.159340739057,4396,2,53.275,37486.25056517425
6187,,,,1424.0,8794.159340739057,8794.159340739057,4397,2,53.237,35593.972988627254
6188,,,,1429.0,8796.159340739057,8796.159340739057,4398,2,53.21,25280.76888027952
6189,,,,1434.0,8798.159340739057,8798.159340739057,4399,2,53.195,14042.522169770624
6190,,,,1438.0,8800.159340739057,8800.159340739057,4400,2,53.189,5617.176907831316
6194,,,,1451.0,8808.159340739057,8808.159340739057,4404,2,53.188,936.9855661876151
6195,,,,1455.0,8810.159340739057,8810.159340739057,4405,2,53.167,19677.094430371097
6196,,,,1458.0,8812.159340739057,8812.159340739057,4406,2,53.133,31848.90628929809
6197,,,,1461.0,8814.159340739057,8814.159340739057,4407,2,53.091,39323.56099604945
6198,,,,1463.0,8816.159340739057,8816.159340739057,4408,2,53.04,47719.05815659263
6199,,,,1465.0,8818.159340739057,8818.159340739057,4409,2,52.985,51421.99392560196
6200,,,,1468.0,8820.159340739057,8820.159340739057,4410,2,52.938,43910.11367890509
6201,,,,1470.0,8822.159340739057,8822.159340739057,4411,2,52.899,36414.72424768757
6202,,,,1473.0,8824.159340739057,8824.159340739057,4412,2,52.872,25200.184255992346
6203,,,,1475.0,8826.159340739057,8826.159340739057,4413,2,52.856,14930.7547964409
6206,,,,1482.0,8832.159340739057,8832.159340739057,4416,2,52.855,933.6563960733246
6207,,,,1484.0,8834.159340739057,8834.159340739057,4417,2,52.831,22407.52713804257
6208,,,,1484.0,8836.159340739057,8836.159340739057,4418,2,52.797,31733.75852068752
6209,,,,1485.0,8838.159340739057,8838.159340739057,4419,2,52.751,42911.10193643041
6210,,,,1486.0,8840.159340739057,8840.159340739057,4420,2,52.708,40087.79764834432
6211,,,,1487.0,8842.159340739057,8842.159340739057,4421,2,52.669,36338.648769114705
6212,,,,1489.0,8844.159340739057,8844.159340739057,4422,2,52.641,26078.595764849226
6213,,,,1491.0,8846.159340739057,8846.159340739057,4423,2,52.624,15830.246371045436
6214,,,,1492.0,8848.159340739057,8848.159340739057,4424,2,52.621,2793.6735894483522
6217,,,,1497.0,8854.159340739057,8854.159340739057,4427,2,52.62,931.8205831831684
6218,,,,1499.0,8856.159340739057,8856.159340739057,4428,2,52.61,9319.336474257856
6219,,,,1501.0,8858.159340739057,8858.159340739057,4429,2,52.588,20500.934219194052
6220,,,,1502.0,8860.159340739057,8860.159340739057,4430,2,52.556,29810.962999128693
6221,,,,1503.0,8862.159340739057,8862.159340739057,4431,2,52.512,40969.69173495908
6222,,,,1505.0,8864.159340739057,8864.159340739057,4432,2,52.47,39084.24138819912
6223,,,,1506.0,8866.159340739057,8866.159340739057,4433,2,52.443,25114.735122704784
6224,,,,1507.0,8868.159340739057,8868.159340739057,4434,2,52.427,14880.06192101124
6225,,,,1510.0,8870.159340739057,8870.159340739057,4435,2,52.407,18597.885686543672
6226,,,,1512.0,8872.159340739057,8872.159340739057,4436,2,52.385,20454.089075962573
6227,,,,1514.0,8874.159340739057,8874.159340739057,4437,2,52.368,15803.11182814365
6228,,,,1516.0,8876.159340739057,8876.159340739057,4438,2,52.362,5577.6010065338205
6232,,,,1521.0,8884.159340739057,8884.159340739057,4442,2,52.346,14883.880900006654
6233,,,,1523.0,8886.159340739057,8886.159340739057,4443,2,52.309,34409.2972147858
6234,,,,1524.0,8888.159340739057,8888.159340739057,4444,2,52.265,40896.69649552878
6235,,,,1527.0,8890.159340739057,8890.159340739057,4445,2,52.213,48298.95551528986
6236,,,,1528.0,8892.159340739057,8892.159340739057,4446,2,52.163,46406.40116745295
6237,,,,1530.0,8894.159340739057,8894.159340739057,4447,2,52.121,38955.77753295942
6238,,,,1532.0,8896.159340739057,8896.159340739057,4448,2,52.09,28739.40749278939
6239,,,,1534.0,8898.159340739057,8898.159340739057,4449,2,52.075,13903.151515921787
6240,,,,1536.0,8900.159340739057,8900.159340739057,4450,2,52.07,4634.535472708717
6243,,,,1541.0,8906.159340739057,8906.159340739057,4453,2,52.057,12055.831497749026
6244,,,,1542.0,8908.159340739057,8908.159340739057,4454,2,52.03,25035.03669508762
6245,,,,1542.0,8910.159340739057,8910.159340739057,4455,2,51.994,33367.3349493987
6246,,,,1543.0,8912.159340739057,8912.159340739057,4456,2,51.946,44463.83241006973
6247,,,,1543.0,8914.159340739057,8914.159340739057,4457,2,51.907,36104.72541053853
6248,,,,1542.0,8916.159340739057,8916.159340739057,4458,2,51.883,22209.79627140163
6249,,,,1542.0,8918.159340739057,8918.159340739057,4459,2,51.872,10178.339846384768
6258,,,,1549.0,8936.159340739057,8936.159340739057,4468,2,51.862,9269.83553052041
6259,,,,1551.0,8938.159340739057,8938.159340739057,4469,2,51.825,34290.5243198379
6260,,,,1552.0,8940.159340739057,8940.159340739057,4470,2,51.782,39829.312819091814
6261,,,,1553.0,8942.159340739057,8942.159340739057,4471,2,51.738,40730.462737942675
6262,,,,1553.0,8944.159340739057,8944.159340739057,4472,2,51.704,31456.858837839805
6263,,,,1554.0,8946.159340739057,8946.159340739057,4473,2,51.67,31443.20937344402
6264,,,,1554.0,8948.159340739057,8948.159340739057,4474,2,51.631,36049.798514251095
6265,,,,1555.0,8950.159340739057,8950.159340739057,4475,2,51.589,38801.08878034706
6266,,,,1555.0,8952.159340739057,8952.159340739057,4476,2,51.549,36932.312403405005
6267,,,,1555.0,8954.159340739057,8954.159340739057,4477,2,51.512,34144.510785187704
6268,,,,1556.0,8956.159340739057,8956.159340739057,4478,2,51.48,29517.208410288007
6269,,,,1556.0,8958.159340739057,8958.159340739057,4479,2,51.454,23974.578513067027
6270,,,,1556.0,8960.159340739057,8960.159340739057,4480,2,51.44,12907.252892886736
6271,,,,1556.0,8962.159340739057,8962.159340739057,4481,2,51.436,3687.964417349441
6279,,,,1567.0,8978.159340739057,8978.159340739057,4489,2,51.407,26776.884391312382
6280,,,,1570.0,8980.159340739057,8980.159340739057,4490,2,51.367,36917.07584340384
6281,,,,1572.0,8982.159340739057,8982.159340739057,4491,2,51.323,40584.6294788189
6282,,,,1574.0,8984.159340739057,8984.159340739057,4492,2,51.279,40558.879533851556
6283,,,,1576.0,8986.159340739057,8986.159340739057,4493,2,51.239,36849.723331761226
6284,,,,1577.0,8988.159340739057,8988.159340739057,4494,2,51.209,27624.568444195553
6285,,,,1578.0,8990.159340739057,8990.159340739057,4495,2,51.193,14729.764748970694
6291,,,,1583.0,9002.159340739057,9002.159340739057,4501,2,51.168,23036.750806933454
6292,,,,1583.0,9004.159340739057,9004.159340739057,4502,2,51.133,32239.70766508998
6293,,,,1583.0,9006.159340739057,9006.159340739057,4503,2,51.093,36826.545790654854
6294,,,,1583.0,9008.159340739057,9008.159340739057,4504,2,51.05,39565.17804027357
6295,,,,1583.0,9010.159340739057,9010.159340739057,4505,2,51.008,38621.47136387509
6296,,,,1583.0,9012.159340739057,9012.159340739057,4506,2,50.972,33086.16034446974
6297,,,,1583.0,9014.159340739057,9014.159340739057,4507,2,50.94,29396.83221547205
6298,,,,1582.0,9016.159340739057,9016.159340739057,4508,2,50.911,26630.840505391458
6299,,,,1581.0,9018.159340739057,9018.159340739057,4509,2,50.889,20197.069659517783
6300,,,,1580.0,9020.159340739057,9020.159340739057,4510,2,50.873,14686.551277321512
6301,,,,1578.0,9022.159340739057,9022.159340739057,4511,2,50.866,6425.338284170226
6308,,,,1580.0,9036.159340739057,9036.159340739057,4518,2,50.857,8272.667129562305
6309,,,,1582.0,9038.159340739057,9038.159340739057,4519,2,50.831,23895.881023064456
6310,,,,1583.0,9040.159340739057,9040.159340739057,4520,2,50.794,33992.12914110209
6311,,,,1585.0,9042.159340739057,9042.159340739057,4521,2,50.757,33974.89195882062
6312,,,,1587.0,9044.159340739057,9044.159340739057,4522,2,50.713,40379.27732540804
6313,,,,1587.0,9046.159340739057,9046.159340739057,4523,2,50.67,39436.45121501168
6314,,,,1588.0,9048.159340739057,9048.159340739057,4524,2,50.627,39411.710059769626
6315,,,,1588.0,9050.159340739057,9050.159340739057,4525,2,50.597,27482.79987321015
6316,,,,1587.0,9052.159340739057,9052.159340739057,4526,2,50.573,21979.367052062524
6317,,,,1585.0,9054.159340739057,9054.159340739057,4527,2,50.557,14650.354146061441
6318,,,,1583.0,9056.159340739057,9056.159340739057,4528,2,50.541,14648.953552485487
6319,,,,1582.0,9058.159340739057,9058.159340739057,4529,2,50.53,10070.689450002255
6320,,,,1581.0,9060.159340739057,9060.159340739057,4530,2,50.52,9155.291013814996
6321,,,,1580.0,9062.159340739057,9062.159340739057,4531,2,50.514,5493.517240993588
6326,,,,1583.0,9072.159340739057,9072.159340739057,4536,2,50.509,4582.483765399754
6327,,,,1584.0,9074.159340739057,9074.159340739057,4537,2,50.486,21078.228620215614
6328,,,,1585.0,9076.159340739057,9076.159340739057,4538,2,50.451,32064.210338163113
6329,,,,1586.0,9078.159340739057,9078.159340739057,4539,2,50.408,39371.40513674615
6330,,,,1588.0,9080.159340739057,9080.159340739057,4540,2,50.363,41175.75316165426
6331,,,,1590.0,9082.159340739057,9082.159340739057,4541,2,50.321,38405.981504646246
6332,,,,1591.0,9084.159340739057,9084.159340739057,4542,2,50.284,33814.73846757607
6333,,,,1592.0,9086.159340739057,9086.159340739057,4543,2,50.255,26491.887844795037
6334,,,,1592.0,9088.159340739057,9088.159340739057,4544,2,50.236,17352.28618589895
6335,,,,1593.0,9090.159340739057,9090.159340739057,4545,2,50.227,8219.022100638322
6336,,,,1593.0,9092.159340739057,9092.159340739057,4546,2,50.222,4566.491568085335
6341,,,,1592.0,9102.159340739057,9102.159340739057,4551,2,50.21,10969.776802909677
6342,,,,1592.0,9104.159340739057,9104.159340739057,4552,2,50.174,32900.82952538823
6343,,,,1592.0,9106.159340739057,9106.159340739057,4553,2,50.13,40188.90508659078
6344,,,,1592.0,9108.159340739057,9108.159340739057,4554,2,50.085,41074.83847494896
6345,,,,1593.0,9110.159340739057,9110.159340739057,4555,2,50.041,40135.207822640594
6346,,,,1594.0,9112.159340739057,9112.159340739057,4556,2,49.998,39197.56625639169
6347,,,,1595.0,9114.159340739057,9114.159340739057,4557,2,49.956,38261.86067525271
6348,,,,1595.0,9116.159340739057,9116.159340739057,4558,2,49.912,40058.15444580452
6349,,,,1594.0,9118.159340739057,9118.159340739057,4559,2,49.862,45487.76150314235
6350,,,,1594.0,9120.159340739057,9120.159340739057,4560,2,49.811,46360.71574044545
6351,,,,1595.0,9122.159340739057,9122.159340739057,4561,2,49.766,40876.07673027634
6352,,,,1595.0,9124.159340739057,9124.159340739057,4562,2,49.724,38126.02973802685
6353,,,,1595.0,9126.159340739057,9126.159340739057,4563,2,49.681,39008.99237844446
6354,,,,1596.0,9128.159340739057,9128.159340739057,4564,2,49.638,38983.78527520241
6355,,,,1598.0,9130.159340739057,9130.159340739057,4565,2,49.595,38958.56337996036
6356,,,,1599.0,9132.159340739057,9132.159340739057,4566,2,49.551,39838.351079861466
6357,,,,1600.0,9134.159340739057,9134.159340739057,4567,2,49.508,38907.289675772954
6358,,,,1602.0,9136.159340739057,9136.159340739057,4568,2,49.471,33458.652869324964
6359,,,,1604.0,9138.159340739057,9138.159340739057,4569,2,49.441,27116.208501330053
6360,,,,1606.0,9140.159340739057,9140.159340739057,4570,2,49.426,13554.90200311324
6361,,,,1608.0,9142.159340739057,9142.159340739057,4571,2,49.423,2711.079926018248
6367,,,,1611.0,9154.159340739057,9154.159340739057,4577,2,49.414,8142.926820845944
6368,,,,1610.0,9156.159340739057,9156.159340739057,4578,2,49.379,31659.755741240522
6369,,,,1610.0,9158.159340739057,9158.159340739057,4579,2,49.332,42488.5201341309
6370,,,,1610.0,9160.159340739057,9160.159340739057,4580,2,49.284,43360.23713022514
6371,,,,1611.0,9162.159340739057,9162.159340739057,4581,2,49.238,41523.01607814093
6372,,,,1611.0,9164.159340739057,9164.159340739057,4582,2,49.196,37886.72414294638
6373,,,,1612.0,9166.159340739057,9166.159340739057,4583,2,49.164,28850.66984815982
6374,,,,1613.0,9168.159340739057,9168.159340739057,4584,2,49.145,17124.93895594412
6375,,,,1613.0,9170.159340739057,9170.159340739057,4585,2,49.137,7210.092802614537
6380,,,,1617.0,9180.159340739057,9180.159340739057,4590,2,49.122,13530.499149925698
6381,,,,1616.0,9182.159340739057,9182.159340739057,4591,2,49.086,32463.41416327208
6382,,,,1616.0,9184.159340739057,9184.159340739057,4592,2,49.039,42356.19485956828
6383,,,,1617.0,9186.159340739057,9186.159340739057,4593,2,48.989,45025.04139270225
6384,,,,1617.0,9188.159340739057,9188.159340739057,4594,2,48.946,38693.22255651635
6385,,,,1619.0,9190.159340739057,9190.159340739057,4595,2,48.913,29678.213496538774
6386,,,,1620.0,9192.159340739057,9192.159340739057,4596,2,48.893,17980.966729602907
6387,,,,1620.0,9194.159340739057,9194.159340739057,4597,2,48.883,8989.681236999233
6391,,,,1626.0,9202.159340739057,9202.159340739057,4601,2,48.878,4498.061496552256
6392,,,,1628.0,9204.159340739057,9204.159340739057,4602,2,48.853,22488.292413242943
6393,,,,1630.0,9206.159340739057,9206.159340739057,4603,2,48.811,37762.63452586688
6394,,,,1633.0,9208.159340739057,9208.159340739057,4604,2,48.766,40432.705379609804
6395,,,,1634.0,9210.159340739057,9210.159340739057,4605,2,48.72,41301.633300598674
6396,,,,1636.0,9212.159340739057,9212.159340739057,4606,2,48.681,34993.667745946994
6397,,,,1639.0,9214.159340739057,9214.159340739057,4607,2,48.648,29594.562177662876
6398,,,,1642.0,9216.159340739057,9216.159340739057,4608,2,48.622,23307.8512959189
6399,,,,1646.0,9218.159340739057,9218.159340739057,4609,2,48.6,19716.573523355943
6400,,,,1648.0,9220.159340739057,9220.159340739057,4610,2,48.588,10753.066152093377
6401,,,,1651.0,9222.159340739057,9222.159340739057,4611,2,48.582,5376.703338837889
6402,,,,1653.0,9224.159340739057,9224.159340739057,4612,2,48.58,1792.4755397319673
6406,,,,1660.0,9232.159340739057,9232.159340739057,4616,2,48.574,5381.647251541178
6407,,,,1661.0,9234.159340739057,9234.159340739057,4617,2,48.547,24214.4313119627
6408,,,,1662.0,9236.159340739057,9236.159340739057,4618,2,48.509,34064.1378770383
6409,,,,1664.0,9238.159340739057,9238.159340739057,4619,2,48.468,36731.44811385807
6410,,,,1665.0,9240.159340739057,9240.159340739057,4620,2,48.436,28653.068824162492
6411,,,,1666.0,9242.159340739057,9242.159340739057,4621,2,48.417,17007.486313941925
6412,,,,1666.0,9244.159340739057,9244.159340739057,4622,2,48.409,7160.599778613591
6417,,,,1667.0,9254.159340739057,9254.159340739057,4627,2,48.408,895.9599448902452
6418,,,,1667.0,9256.159340739057,9256.159340739057,4628,2,48.375,29562.68269266781
6419,,,,1668.0,9258.159340739057,9258.159340739057,4629,2,48.329,41183.84788079361
6420,,,,1669.0,9260.159340739057,9260.159340739057,4630,2,48.283,41153.555654463606
6421,,,,1672.0,9262.159340739057,9262.159340739057,4631,2,48.239,39336.09433102348
6422,,,,1674.0,9264.159340739057,9264.159340739057,4632,2,48.199,35736.679940086964
6423,,,,1675.0,9266.159340739057,9266.159340739057,4633,2,48.167,28574.166752945974
6424,,,,1675.0,9268.159340739057,9268.159340739057,4634,2,48.144,20530.390968119038
6425,,,,1676.0,9270.159340739057,9270.159340739057,4635,2,48.129,13386.990753165075
6426,,,,1677.0,9272.159340739057,9272.159340739057,4636,2,48.118,9816.592720745377
6427,,,,1678.0,9274.159340739057,9274.159340739057,4637,2,48.11,7139.470440327488
6432,,,,1685.0,9284.159340739057,9284.159340739057,4642,2,48.101,8039.144288986913
6433,,,,1688.0,9286.159340739057,9286.159340739057,4643,2,48.058,38396.7552299828
6434,,,,1691.0,9288.159340739057,9288.159340739057,4644,2,48.021,33018.69126805725
6435,,,,1694.0,9290.159340739057,9290.159340739057,4645,2,47.981,35674.95508118448
6436,,,,1698.0,9292.159340739057,9292.159340739057,4646,2,47.937,39216.55494438399
6437,,,,1701.0,9294.159340739057,9294.159340739057,4647,2,47.9,32956.80090332027
6438,,,,1703.0,9296.159340739057,9296.159340739057,4648,2,47.869,27598.80040099934
6439,,,,1705.0,9298.159340739057,9298.159340739057,4649,2,47.847,19579.617628078588
6440,,,,1707.0,9300.159340739057,9300.159340739057,4650,2,47.839,7119.160373426037
6446,,,,1718.0,9312.159340739057,9312.159340739057,4656,2,47.824,13362.436485197313
6447,,,,1720.0,9314.159340739057,9314.159340739057,4657,2,47.794,26718.038635284625
6448,,,,1722.0,9316.159340739057,9316.159340739057,4658,2,47.756,33826.04295028651
6449,,,,1724.0,9318.159340739057,9318.159340739057,4659,2,47.715,36474.17360720481
6450,,,,1726.0,9320.159340739057,9320.159340739057,4660,2,47.677,33784.60831361103
6451,,,,1728.0,9322.159340739057,9322.159340739057,4661,2,47.646,27547.102039954283
6452,,,,1730.0,9324.159340739057,9324.159340739057,4662,2,47.623,20430.97673335887
6453,,,,1731.0,9326.159340739057,9326.159340739057,4663,2,47.61,11546.055722454168
6459,,,,1742.0,9338.159340739057,9338.159340739057,4669,2,47.599,9779.84493939915
6460,,,,1744.0,9340.159340739057,9340.159340739057,4670,2,47.559,35551.63530184113
6461,,,,1746.0,9342.159340739057,9342.159340739057,4671,2,47.514,39968.420175089
6462,,,,1748.0,9344.159340739057,9344.159340739057,4672,2,47.472,37277.7014038579
6463,,,,1750.0,9346.159340739057,9346.159340739057,4673,2,47.437,31046.21229046039
6464,,,,1753.0,9348.159340739057,9348.159340739057,4674,2,47.415,19507.21541532982
6465,,,,1755.0,9350.159340739057,9350.159340739057,4675,2,47.402,11525.202756739454
6470,,,,1766.0,9360.159340739057,9360.159340739057,4680,2,47.38,19517.841697945085
6471,,,,1768.0,9362.159340739057,9362.159340739057,4681,2,47.342,33698.49336879581
6472,,,,1770.0,9364.159340739057,9364.159340739057,4682,2,47.298,38993.857760329236
6473,,,,1773.0,9366.159340739057,9366.159340739057,4683,2,47.26,33654.52120778432
6474,,,,1775.0,9368.159340739057,9368.159340739057,4684,2,47.231,25670.995583704233
6475,,,,1776.0,9370.159340739057,9370.159340739057,4685,2,47.209,19468.192659065367
6476,,,,1778.0,9372.159340739057,9372.159340739057,4686,2,47.198,9732.771915695139
6484,,,,1791.0,9388.159340739057,9388.159340739057,4694,2,47.191,6202.972804089269
6485,,,,1793.0,9390.159340739057,9390.159340739057,4695,2,47.153,33664.39732802543
6486,,,,1795.0,9392.159340739057,9392.159340739057,4696,2,47.111,37184.38534000932
6487,,,,1796.0,9394.159340739057,9394.159340739057,4697,2,47.07,36274.80415567313
6488,,,,1798.0,9396.159340739057,9396.159340739057,4698,2,47.035,30947.89511661198
6489,,,,1800.0,9398.159340739057,9398.159340739057,4699,2,47.009,22979.852923048744
6490,,,,1801.0,9400.159340739057,9400.159340739057,4700,2,46.993,14138.140453568889
6491,,,,1803.0,9402.159340739057,9402.159340739057,4701,2,46.985,7068.769044194162
6492,,,,1805.0,9404.159340739057,9404.159340739057,4702,2,46.984,883.699449087849
6498,,,,1827.0,9416.159340739057,9416.159340739057,4708,2,46.971,11501.038261173422
6499,,,,1831.0,9418.159340739057,9418.159340739057,4709,2,46.933,33607.30771984198
6500,,,,1834.0,9420.159340739057,9420.159340739057,4710,2,46.896,32703.71283894073
6501,,,,1838.0,9422.159340739057,9422.159340739057,4711,2,46.867,25620.047861708834
6502,,,,1841.0,9424.159340739057,9424.159340739057,4712,2,46.853,12365.250987793186
6503,,,,1843.0,9426.159340739057,9426.159340739057,4713,2,46.852,883.2782610281708
6507,,,,1854.0,9434.159340739057,9434.159340739057,4717,2,46.841,9723.061602226691
6508,,,,1856.0,9436.159340739057,9436.159340739057,4718,2,46.806,30928.380482379933
6509,,,,1857.0,9438.159340739057,9438.159340739057,4719,2,46.767,34443.11847564309
6510,,,,1858.0,9440.159340739057,9440.159340739057,4720,2,46.737,26480.77976989495
6511,,,,1859.0,9442.159340739057,9442.159340739057,4721,2,46.722,13236.821547392476
6518,,,,1865.0,9456.159340739057,9456.159340739057,4728,2,46.703,16785.392041760926
6519,,,,1866.0,9458.159340739057,9458.159340739057,4729,2,46.664,34440.118563505865
6520,,,,1867.0,9460.159340739057,9460.159340739057,4730,2,46.623,36182.90526120397
6521,,,,1868.0,9462.159340739057,9462.159340739057,4731,2,46.587,31750.84339740529
6522,,,,1868.0,9464.159340739057,9464.159340739057,4732,2,46.564,20276.705855234086
6523,,,,1868.0,9466.159340739057,9466.159340739057,4733,2,46.557,6170.487567780879
6528,,,,1867.0,9476.159340739057,9476.159340739057,4738,2,46.551,5293.837463385394
6529,,,,1866.0,9478.159340739057,9478.159340739057,4739,2,46.514,32637.141264696722
6530,,,,1865.0,9480.159340739057,9480.159340739057,4740,2,46.473,36142.79464131287
6531,,,,1865.0,9482.159340739057,9482.159340739057,4741,2,46.431,36999.0823184663
6532,,,,1865.0,9484.159340739057,9484.159340739057,4742,2,46.388,37853.337991465865
6533,,,,1866.0,9486.159340739057,9486.159340739057,4743,2,46.348,35188.338904910335
6534,,,,1866.0,9488.159340739057,9488.159340739057,4744,2,46.306,36922.86845338854
6535,,,,1867.0,9490.159340739057,9490.159340739057,4745,2,46.264,36897.170107228165
6536,,,,1868.0,9492.159340739057,9492.159340739057,4746,2,46.226,33361.33306215165
6537,,,,1869.0,9494.159340739057,9494.159340739057,4747,2,46.182,38602.79615979396
6538,,,,1870.0,9496.159340739057,9496.159340739057,4748,2,46.137,39450.417037997504
6539,,,,1872.0,9498.159340739057,9498.159340739057,4749,2,46.099,33290.74454819483
6540,,,,1874.0,9500.159340739057,9500.159340739057,4750,2,46.059,35020.62738095245
6541,,,,1876.0,9502.159340739057,9502.159340739057,4751,2,46.015,38495.68004212246
6542,,,,1879.0,9504.159340739057,9504.159340739057,4752,2,45.975,34971.50471018269
6543,,,,1882.0,9506.159340739057,9506.159340739057,4753,2,45.934,35821.765552770856
6544,,,,1884.0,9508.159340739057,9508.159340739057,4754,2,45.891,37542.729452924
6545,,,,1885.0,9510.159340739057,9510.159340739057,4755,2,45.847,38387.49189442899
6546,,,,1886.0,9512.159340739057,9512.159340739057,4756,2,45.801,40101.4374459619
6547,,,,1886.0,9514.159340739057,9514.159340739057,4757,2,45.756,39198.95490420355
6548,,,,1886.0,9516.159340739057,9516.159340739057,4758,2,45.711,39168.654588873556
6549,,,,1887.0,9518.159340739057,9518.159340739057,4759,2,45.67,35660.93566735634
6550,,,,1888.0,9520.159340739057,9520.159340739057,4760,2,45.628,36505.20331461475
6551,,,,1887.0,9522.159340739057,9522.159340739057,4761,2,45.579,42555.891762548126
6552,,,,1887.0,9524.159340739057,9524.159340739057,4762,2,45.527,45120.81916666303
6553,,,,1887.0,9526.159340739057,9526.159340739057,4763,2,45.477,43345.930232234554
6554,,,,1887.0,9528.159340739057,9528.159340739057,4764,2,45.421,48501.075154249666
6555,,,,1887.0,9530.159340739057,9530.159340739057,4765,2,45.367,46722.101736260716
6556,,,,1887.0,9532.159340739057,9532.159340739057,4766,2,45.313,46676.315286979385
6557,,,,1888.0,9534.159340739057,9534.159340739057,4767,2,45.26,45767.48294034799
6558,,,,1888.0,9536.159340739057,9536.159340739057,4768,2,45.21,43136.816777830674
6559,,,,1888.0,9538.159340739057,9538.159340739057,4769,2,45.158,44821.10793180283
6560,,,,1887.0,9540.159340739057,9540.159340739057,4770,2,45.105,45639.540336379636
6561,,,,1885.0,9542.159340739057,9542.159340739057,4771,2,45.052,45595.50036319724
6562,,,,1883.0,9544.159340739057,9544.159340739057,4772,2,45.002,42974.48626354331
6563,,,,1881.0,9546.159340739057,9546.159340739057,4773,2,44.954,41219.24686346665
6564,,,,1878.0,9548.159340739057,9548.159340739057,4774,2,44.9,46328.77670775119
6565,,,,1876.0,9550.159340739057,9550.159340739057,4775,2,44.846,46282.78441047599
6566,,,,1875.0,9552.159340739057,9552.159340739057,4776,2,44.793,45381.03859065661
6567,,,,1874.0,9554.159340739057,9554.159340739057,4777,2,44.74,45336.86505748034
6568,,,,1873.0,9556.159340739057,9556.159340739057,4778,2,44.686,46146.73168106802
6569,,,,1872.0,9558.159340739057,9558.159340739057,4779,2,44.638,40981.105197705976
6570,,,,1871.0,9560.159340739057,9560.159340739057,4780,2,44.588,42650.738866836735
6571,,,,1870.0,9562.159340739057,9562.159340739057,4781,2,44.539,41760.08220254001
6572,,,,1869.0,9564.159340739057,9564.159340739057,4782,2,44.488,43424.889095028426
6573,,,,1868.0,9566.159340739057,9566.159340739057,4783,2,44.44,40833.57205695721
6574,,,,1867.0,9568.159340739057,9568.159340739057,4784,2,44.392,40798.01906670904
6575,,,,1866.0,9570.159340739057,9570.159340739057,4785,2,44.347,38216.0866382044
6576,,,,1865.0,9572.159340739057,9572.159340739057,4786,2,44.299,40729.61457212096
6577,,,,1864.0,9574.159340739057,9574.159340739057,4787,2,44.253,38999.30406529122
6578,,,,1863.0,9576.159340739057,9576.159340739057,4788,2,44.206,39813.581518752006
6579,,,,1862.0,9578.159340739057,9578.159340739057,4789,2,44.157,41471.38979746612
6580,,,,1861.0,9580.159340739057,9580.159340739057,4790,2,44.108,41434.04544630588
6581,,,,1861.0,9582.159340739057,9582.159340739057,4791,2,44.061,39707.92212493773
6582,,,,1860.0,9584.159340739057,9584.159340739057,4792,2,44.017,37142.75780219646
6583,,,,1859.0,9586.159340739057,9586.159340739057,4793,2,43.969,40485.495156206336
6584,,,,1858.0,9588.159340739057,9588.159340739057,4794,2,43.921,40449.759573964206
6585,,,,1858.0,9590.159340739057,9590.159340739057,4795,2,43.877,37047.85963111856
6586,,,,1858.0,9592.159340739057,9592.159340739057,4796,2,43.831,38700.21912704637
6587,,,,1859.0,9594.159340739057,9594.159340739057,4797,2,43.785,38667.685780722335
6588,,,,1860.0,9596.159340739057,9596.159340739057,4798,2,43.742,36116.69066052468
6589,,,,1860.0,9598.159340739057,9598.159340739057,4799,2,43.701,34410.965736519385
6590,,,,1860.0,9600.159340739057,9600.159340739057,4800,2,43.666,29355.79923928532
6591,,,,1860.0,9602.159340739057,9602.159340739057,4801,2,43.639,22634.546073561934
6592,,,,1860.0,9604.159340739057,9604.159340739057,4802,2,43.62,15922.937458362012
6593,,,,1860.0,9606.159340739057,9606.159340739057,4803,2,43.603,14243.926615010378
6594,,,,1859.0,9608.159340739057,9608.159340739057,4804,2,43.584,15916.425180377928
6595,,,,1858.0,9610.159340739057,9610.159340739057,4805,2,43.561,19261.97872222293
6596,,,,1855.0,9612.159340739057,9612.159340739057,4806,2,43.531,25114.26543911033
6597,,,,1852.0,9614.159340739057,9614.159340739057,4807,2,43.495,30120.5459083388
6598,,,,1847.0,9616.159340739057,9616.159340739057,4808,2,43.456,32609.252162622764
6599,,,,1842.0,9618.159340739057,9618.159340739057,4809,2,43.415,34257.10392366633
6600,,,,1837.0,9620.159340739057,9620.159340739057,4810,2,43.375,33397.345167309
6601,,,,1832.0,9622.159340739057,9622.159340739057,4811,2,43.334,34207.440385319205
6602,,,,1828.0,9624.159340739057,9624.159340739057,4812,2,43.287,39181.75239394888
6603,,,,1823.0,9626.159340739057,9626.159340739057,4813,2,43.235,43309.477040929756
6604,,,,1818.0,9628.159340739057,9628.159340739057,4814,2,43.181,44929.45894982424
6605,,,,1813.0,9630.159340739057,9630.159340739057,4815,2,43.132,40729.189215682876
6606,,,,1809.0,9632.159340739057,9632.159340739057,4816,2,43.087,37371.38157895865
6607,,,,1803.0,9634.159340739057,9634.159340739057,4817,2,43.044,35681.3904616247
6608,,,,1797.0,9636.159340739057,9636.159340739057,4818,2,42.997,38967.92493431442
6609,,,,1790.0,9638.159340739057,9638.159340739057,4819,2,42.95,38933.43140034704
6610,,,,1783.0,9640.159340739057,9640.159340739057,4820,2,42.904,38071.727041830796
6611,,,,1777.0,9642.159340739057,9642.159340739057,4821,2,42.86,36385.8067627657
6612,,,,1771.0,9644.159340739057,9644.159340739057,4822,2,42.816,36356.01180979248
6613,,,,1765.0,9646.159340739057,9646.159340739057,4823,2,42.772,36326.20136883101
6614,,,,1757.0,9648.159340739057,9648.159340739057,4824,2,42.723,40418.59975898737
6615,,,,1749.0,9650.159340739057,9650.159340739057,4825,2,42.674,40380.63820383315
6616,,,,1742.0,9652.159340739057,9652.159340739057,4826,2,42.628,37874.03081985075
6617,,,,1735.0,9654.159340739057,9654.159340739057,4827,2,42.587,33729.84671706161
6618,,,,1727.0,9656.159340739057,9656.159340739057,4828,2,42.544,35347.65553597287
6619,,,,1719.0,9658.159340739057,9658.159340739057,4829,2,42.498,37782.06258613551
6620,,,,1712.0,9660.159340739057,9660.159340739057,4830,2,42.451,38569.18116431036
6621,,,,1706.0,9662.159340739057,9662.159340739057,4831,2,42.403,39353.897697556946
6622,,,,1700.0,9664.159340739057,9664.159340739057,4832,2,42.361,34405.25769905433
6623,,,,1694.0,9666.159340739057,9666.159340739057,4833,2,42.317,36014.48578882197
6624,,,,1688.0,9668.159340739057,9668.159340739057,4834,2,42.274,35167.08847207508
6625,,,,1684.0,9670.159340739057,9670.159340739057,4835,2,42.234,32688.233022686356
6626,,,,1681.0,9672.159340739057,9672.159340739057,4836,2,42.193,33480.247263086836
6627,,,,1677.0,9674.159340739057,9674.159340739057,4837,2,42.151,34270.206408277896
6628,,,,1675.0,9676.159340739057,9676.159340739057,4838,2,42.111,32613.301534779275
6629,,,,1672.0,9678.159340739057,9678.159340739057,4839,2,42.069,34217.71303873889
6630,,,,1669.0,9680.159340739057,9680.159340739057,4840,2,42.033,29308.347391495216
6631,,,,1666.0,9682.159340739057,9682.159340739057,4841,2,41.993,32542.12483059691
6632,,,,1663.0,9684.159340739057,9684.159340739057,4842,2,41.955,30892.700716784868
6633,,,,1661.0,9686.159340739057,9686.159340739057,4843,2,41.917,30871.107136603037
6634,,,,1659.0,9688.159340739057,9688.159340739057,4844,2,41.879,30849.502004432754
6635,,,,1655.0,9690.159340739057,9690.159340739057,4845,2,41.835,35692.887958225205
6636,,,,1653.0,9692.159340739057,9692.159340739057,4846,2,41.791,35662.726749263624
6637,,,,1651.0,9694.159340739057,9694.159340739057,4847,2,41.751,32394.7783857602
6638,,,,1648.0,9696.159340739057,9696.159340739057,4848,2,41.711,32370.434035869835
6639,,,,1645.0,9698.159340739057,9698.159340739057,4849,2,41.668,34770.78158987312
6640,,,,1641.0,9700.159340739057,9700.159340739057,4850,2,41.621,37972.078852545936
6641,,,,1637.0,9702.159340739057,9702.159340739057,4851,2,41.578,34710.0280645758
6642,,,,1634.0,9704.159340739057,9704.159340739057,4852,2,41.536,33875.1629767411
6643,,,,1631.0,9706.159340739057,9706.159340739057,4853,2,41.494,33847.90122258697
6644,,,,1629.0,9708.159340739057,9708.159340739057,4854,2,41.45,35430.27700776099
6645,,,,1628.0,9710.159340739057,9710.159340739057,4855,2,41.406,35399.97834279936
6646,,,,1628.0,9712.159340739057,9712.159340739057,4856,2,41.365,32959.29077248226
6647,,,,1629.0,9714.159340739057,9714.159340739057,4857,2,41.327,30524.764039770038
6648,,,,1630.0,9716.159340739057,9716.159340739057,4858,2,41.288,31305.319653472317
6649,,,,1632.0,9718.159340739057,9718.159340739057,4859,2,41.249,31282.20098275209
6650,,,,1635.0,9720.159340739057,9720.159340739057,4860,2,41.208,32861.30232913528
6651,,,,1638.0,9722.159340739057,9722.159340739057,4861,2,41.162,36837.4561852466
6652,,,,1642.0,9724.159340739057,9724.159340739057,4862,2,41.122,32005.70908773422
6653,,,,1647.0,9726.159340739057,9726.159340739057,4863,2,41.089,26386.710423530454
6654,,,,1651.0,9728.159340739057,9728.159340739057,4864,2,41.067,17582.986493549448
6655,,,,1654.0,9730.159340739057,9730.159340739057,4865,2,41.053,11186.569590863195
6656,,,,1657.0,9732.159340739057,9732.159340739057,4866,2,41.05,2397.118435058187
6660,,,,1666.0,9740.159340739057,9740.159340739057,4870,2,41.039,8795.15934133776
6661,,,,1669.0,9742.159340739057,9742.159340739057,4871,2,41.015,19185.19542108079
6662,,,,1672.0,9744.159340739057,9744.159340739057,4872,2,40.985,23970.63197821899
6663,,,,1676.0,9746.159340739057,9746.159340739057,4873,2,40.948,29545.686710795835
6664,,,,1681.0,9748.159340739057,9748.159340739057,4874,2,40.903,35905.346558948826
6665,,,,1685.0,9750.159340739057,9750.159340739057,4875,2,40.86,34279.69796160385
6666,,,,1690.0,9752.159340739057,9752.159340739057,4876,2,40.826,27084.9061888579
6667,,,,1694.0,9754.159340739057,9754.159340739057,4877,2,40.805,16721.077404021904
6671,,,,1708.0,9762.159340739057,9762.159340739057,4881,2,40.793,9558.872134627869
6672,,,,1710.0,9764.159340739057,9764.159340739057,4882,2,40.76,26277.784061605642
6673,,,,1713.0,9766.159340739057,9766.159340739057,4883,2,40.71,39782.45007449829
6674,,,,1716.0,9768.159340739057,9768.159340739057,4884,2,40.659,40536.09322722795
6675,,,,1720.0,9770.159340739057,9770.159340739057,4885,2,40.612,37319.439129714236
6676,,,,1724.0,9772.159340739057,9772.159340739057,4886,2,40.573,30940.75748703929
6677,,,,1728.0,9774.159340739057,9774.159340739057,4887,2,40.547,20614.874948742217
6678,,,,1730.0,9776.159340739057,9776.159340739057,4888,2,40.528,15059.440252456656
6679,,,,1732.0,9778.159340739057,9778.159340739057,4889,2,40.524,3170.1574835405713
6680,,,,1734.0,9780.159340739057,9780.159340739057,4890,2,40.523,792.6525740870311
6686,,,,1739.0,9792.159340739057,9792.159340739057,4896,2,40.497,20627.3794944563
6687,,,,1740.0,9794.159340739057,9794.159340739057,4897,2,40.458,30922.560607752857
6688,,,,1741.0,9796.159340739057,9796.159340739057,4898,2,40.415,34066.52615763377
6689,,,,1743.0,9798.159340739057,9798.159340739057,4899,2,40.374,32454.92329413516
6690,,,,1745.0,9800.159340739057,9800.159340739057,4900,2,40.336,30056.892694862887
6691,,,,1747.0,9802.159340739057,9802.159340739057,4901,2,40.306,23713.972006677268
6692,,,,1748.0,9804.159340739057,9804.159340739057,4902,2,40.288,14222.815522335963
6693,,,,1750.0,9806.159340739057,9806.159340739057,4903,2,40.286,1580.2429654377347
6701,,,,1763.0,9822.159340739057,9822.159340739057,4911,2,40.272,11077.549170399892
6702,,,,1766.0,9824.159340739057,9824.159340739057,4912,2,40.228,34797.17238489531
6703,,,,1768.0,9826.159340739057,9826.159340739057,4913,2,40.184,34766.20949593359
6704,,,,1771.0,9828.159340739057,9828.159340739057,4914,2,40.149,27633.393351182982
6705,,,,1773.0,9830.159340739057,9830.159340739057,4915,2,40.124,19727.40951897754
6706,,,,1775.0,9832.159340739057,9832.159340739057,4916,2,40.111,10255.482961158703
6707,,,,1778.0,9834.159340739057,9834.159340739057,4917,2,40.101,7888.175890392043
6708,,,,1781.0,9836.159340739057,9836.159340739057,4918,2,40.095,4732.923806939636
6709,,,,1784.0,9838.159340739057,9838.159340739057,4919,2,40.094,788.9121593726857
6715,,,,1814.0,9850.159340739057,9850.159340739057,4925,2,40.073,16582.812201250217
6716,,,,1822.0,9852.159340739057,9852.159340739057,4926,2,40.041,25257.468589569828
6717,,,,1829.0,9854.159340739057,9854.159340739057,4927,2,40.02,16567.610870552126
6718,,,,1836.0,9856.159340739057,9856.159340739057,4928,2,40.017,2366.5722754642857
6720,,,,1852.0,9860.159340739057,9860.159340739057,4930,2,40.013,3156.434208161245
6721,,,,1860.0,9862.159340739057,9862.159340739057,4931,2,39.991,17358.268309721516
6722,,,,1869.0,9864.159340739057,9864.159340739057,4932,2,39.955,28389.602975571164
6723,,,,1877.0,9866.159340739057,9866.159340739057,4933,2,39.922,26006.613918788036
6724,,,,1884.0,9868.159340739057,9868.159340739057,4934,2,39.905,13391.67444678078
6725,,,,1892.0,9870.159340739057,9870.159340739057,4935,2,39.904,787.7275468232076
6728,,,,1912.0,9876.159340739057,9876.159340739057,4938,2,39.886,14184.337568356788
6729,,,,1919.0,9878.159340739057,9878.159340739057,4939,2,39.851,27567.91769734077
6730,,,,1926.0,9880.159340739057,9880.159340739057,4940,2,39.816,27549.292896950363
6731,,,,1932.0,9882.159340739057,9882.159340739057,4941,2,39.793,18094.302928011148
6732,,,,1938.0,9884.159340739057,9884.159340739057,4942,2,39.784,7078.965730722196
6736,,,,1961.0,9892.159340739057,9892.159340739057,4946,2,39.766,14164.582960004793
6737,,,,1967.0,9894.159340739057,9894.159340739057,4947,2,39.73,28315.659274251186
6738,,,,1972.0,9896.159340739057,9896.159340739057,4948,2,39.697,25938.734182572476
6739,,,,1977.0,9898.159340739057,9898.159340739057,4949,2,39.68,13356.665297829719
6740,,,,1981.0,9900.159340739057,9900.159340739057,4950,2,39.676,3142.548178573013
6744,,,,2000.0,9908.159340739057,9908.159340739057,4954,2,39.672,3144.7705094796943
6745,,,,2004.0,9910.159340739057,9910.159340739057,4955,2,39.639,25937.493366616127
6746,,,,2008.0,9912.159340739057,9912.159340739057,4956,2,39.601,29846.70123408918
6747,,,,2012.0,9914.159340739057,9914.159340739057,4957,2,39.573,21978.422246021848
6748,,,,2016.0,9916.159340739057,9916.159340739057,4958,2,39.56,10201.040682437679
6754,,,,2037.0,9928.159340739057,9928.159340739057,4964,2,39.543,13350.902201620554
6755,,,,2039.0,9930.159340739057,9930.159340739057,4965,2,39.499,34535.58480286824
6756,,,,2042.0,9932.159340739057,9932.159340739057,4966,2,39.454,35287.819939323024
6757,,,,2046.0,9934.159340739057,9934.159340739057,4967,2,39.414,31339.491155415653
6758,,,,2050.0,9936.159340739057,9936.159340739057,4968,2,39.383,24271.125974737748
6759,,,,2055.0,9938.159340739057,9938.159340739057,4969,2,39.365,14086.983091761882
6760,,,,2059.0,9940.159340739057,9940.159340739057,4970,2,39.361,3130.1959370399177
6765,,,,2072.0,9950.159340739057,9950.159340739057,4975,2,39.331,23489.938165238465
6766,,,,2075.0,9952.159340739057,9952.159340739057,4976,2,39.288,33644.43905401623
6767,,,,2078.0,9954.159340739057,9954.159340739057,4977,2,39.254,26581.865819970273
6768,,,,2080.0,9956.159340739057,9956.159340739057,4978,2,39.236,14066.261039783487
6769,,,,2082.0,9958.159340739057,9958.159340739057,4979,2,39.235,781.4267216253133
6773,,,,2085.0,9966.159340739057,9966.159340739057,4983,2,39.227,6255.718353546632
6774,,,,2085.0,9968.159340739057,9968.159340739057,4984,2,39.187,31265.72986178783
6775,,,,2086.0,9970.159340739057,9970.159340739057,4985,2,39.139,37484.289625086785
6776,,,,2087.0,9972.159340739057,9972.159340739057,4986,2,39.096,33547.391098981934
6777,,,,2089.0,9974.159340739057,9974.159340739057,4987,2,39.06,28063.454307648386
6778,,,,2091.0,9976.159340739057,9976.159340739057,4988,2,39.03,23371.148487550276
6779,,,,2093.0,9978.159340739057,9978.159340739057,4989,2,39.001,22579.56679400177
6780,,,,2096.0,9980.159340739057,9980.159340739057,4990,2,38.968,25678.720440052202
6781,,,,2100.0,9982.159340739057,9982.159340739057,4991,2,38.93,29548.429436348822
6782,,,,2105.0,9984.159340739057,9984.159340739057,4992,2,38.9,23312.013644692506
6783,,,,2108.0,9986.159340739057,9986.159340739057,4993,2,38.88,15534.469470450587
6784,,,,2112.0,9988.159340739057,9988.159340739057,4994,2,38.873,5436.265472547272
6790,,,,2117.0,10000.159340739057,10000.159340739057,5000,2,38.854,14768.365316473588
6791,,,,2117.0,10002.159340739057,10002.159340739057,5001,2,38.808,35732.23414114144
6792,,,,2118.0,10004.159340739057,10004.159340739057,5002,2,38.759,38023.63875157182
6793,,,,2121.0,10006.159340739057,10006.159340739057,5003,2,38.712,36433.7970034583
6794,,,,2123.0,10008.159340739057,10008.159340739057,5004,2,38.667,34848.96127321846
6795,,,,2125.0,10010.159340739057,10010.159340739057,5005,2,38.633,26308.700779329556
6796,,,,2128.0,10012.159340739057,10012.159340739057,5006,2,38.596,28609.474987864403
6797,,,,2131.0,10014.159340739057,10014.159340739057,5007,2,38.557,30132.274989021233
6798,,,,2132.0,10016.159340739057,10016.159340739057,5008,2,38.514,33194.08291165373
6799,,,,2132.0,10018.159340739057,10018.159340739057,5009,2,38.467,36246.77243784657
6800,,,,2132.0,10020.159340739057,10020.159340739057,5010,2,38.42,36209.73958787371
6801,,,,2133.0,10022.159340739057,10022.159340739057,5011,2,38.374,35403.51840298442
6802,,,,2133.0,10024.159340739057,10024.159340739057,5012,2,38.329,34599.73922607317
6803,,,,2132.0,10026.159340739057,10026.159340739057,5013,2,38.283,35333.70949298375
6804,,,,2130.0,10028.159340739057,10028.159340739057,5014,2,38.235,36832.065428865615
6805,,,,2126.0,10030.159340739057,10030.159340739057,5015,2,38.186,37559.225541951964
6806,,,,2121.0,10032.159340739057,10032.159340739057,5016,2,38.137,37518.54037079774
6807,,,,2115.0,10034.159340739057,10034.159340739057,5017,2,38.084,40535.12393285291
6808,,,,2110.0,10036.159340739057,10036.159340739057,5018,2,38.032,39723.439827749215
6809,,,,2106.0,10038.159340739057,10038.159340739057,5019,2,37.985,35864.325654430904
6810,,,,2103.0,10040.159340739057,10040.159340739057,5020,2,37.94,34303.45940755388
6811,,,,2099.0,10042.159340739057,10042.159340739057,5021,2,37.891,37313.8422634112
6812,,,,2096.0,10044.159340739057,10044.159340739057,5022,2,37.84,38793.365782705056
6813,,,,2094.0,10046.159340739057,10046.159340739057,5023,2,37.786,41026.54570034908
6814,,,,2093.0,10048.159340739057,10048.159340739057,5024,2,37.733,40217.828098426784
6815,,,,2093.0,10050.159340739057,10050.159340739057,5025,2,37.685,36382.220023669186
6816,,,,2094.0,10052.159340739057,10052.159340739057,5026,2,37.638,35586.46350706008
6817,,,,2095.0,10054.159340739057,10054.159340739057,5027,2,37.59,36305.006346481656
6818,,,,2096.0,10056.159340739057,10056.159340739057,5028,2,37.542,36265.889452244905
6819,,,,2096.0,10058.159340739057,10058.159340739057,5029,2,37.49,39243.558206025016
6820,,,,2095.0,10060.159340739057,10060.159340739057,5030,2,37.438,39196.956192310296
6821,,,,2092.0,10062.159340739057,10062.159340739057,5031,2,37.381,42911.919883742696
6822,,,,2091.0,10064.159340739057,10064.159340739057,5032,2,37.323,43606.31164465296
6823,,,,2090.0,10066.159340739057,10066.159340739057,5033,2,37.263,45047.67363530351
6824,,,,2088.0,10068.159340739057,10068.159340739057,5034,2,37.205,43485.830007596924
6825,,,,2087.0,10070.159340739057,10070.159340739057,5035,2,37.145,44922.98081903332
6826,,,,2087.0,10072.159340739057,10072.159340739057,5036,2,37.086,44112.3211413251
6827,,,,2086.0,10074.159340739057,10074.159340739057,5037,2,37.03,41812.75804709814
6828,,,,2084.0,10076.159340739057,10076.159340739057,5038,2,36.971,43993.10617507126
6829,,,,2082.0,10078.159340739057,10078.159340739057,5039,2,36.912,43931.674147735735
6830,,,,2081.0,10080.159340739057,10080.159340739057,5040,2,36.854,43127.235967879395
6831,,,,2079.0,10082.159340739057,10082.159340739057,5041,2,36.795,43809.9162438775
6832,,,,2077.0,10084.159340739057,10084.159340739057,5042,2,36.737,43007.48746930689
6833,,,,2076.0,10086.159340739057,10086.159340739057,5043,2,36.68,42208.24693818684
6834,,,,2075.0,10088.159340739057,10088.159340739057,5044,2,36.626,39934.22086614125
6835,,,,2072.0,10090.159340739057,10090.159340739057,5045,2,36.568,42835.26912159104
6836,,,,2069.0,10092.159340739057,10092.159340739057,5046,2,36.509,43512.77896044625
6837,,,,2066.0,10094.159340739057,10094.159340739057,5047,2,36.448,44922.814564360226
6838,,,,2062.0,10096.159340739057,10096.159340739057,5048,2,36.389,43387.0635161814
6839,,,,2060.0,10098.159340739057,10098.159340739057,5049,2,36.328,44792.77901961181
6840,,,,2057.0,10100.159340739057,10100.159340739057,5050,2,36.271,41795.903674765534
6841,,,,2054.0,10102.159340739057,10102.159340739057,5051,2,36.213,42470.2052239394
6842,,,,2051.0,10104.159340739057,10104.159340739057,5052,2,36.155,42410.63258389491
6843,,,,2049.0,10106.159340739057,10106.159340739057,5053,2,36.096,43080.62699313988
6844,,,,2046.0,10108.159340739057,10108.159340739057,5054,2,36.038,42290.2340213224
6845,,,,2045.0,10110.159340739057,10110.159340739057,5055,2,35.98,42230.58041327791
6846,,,,2044.0,10112.159340739057,10112.159340739057,5056,2,35.922,42170.899893233414
6847,,,,2043.0,10114.159340739057,10114.159340739057,5057,2,35.863,42836.650768220425
6848,,,,2041.0,10116.159340739057,10116.159340739057,5058,2,35.803,43499.08051880596
6849,,,,2041.0,10118.159340739057,10118.159340739057,5059,2,35.745,41988.175741649364
6850,,,,2039.0,10120.159340739057,10120.159340739057,5060,2,35.687,41928.38687760487
6851,,,,2037.0,10122.159340739057,10122.159340739057,5061,2,35.627,43311.10027352442
6852,,,,2034.0,10124.159340739057,10124.159340739057,5062,2,35.568,42526.58193157443
6853,,,,2032.0,10126.159340739057,10126.159340739057,5063,2,35.512,40306.97473262312
6854,,,,2030.0,10128.159340739057,10128.159340739057,5064,2,35.456,40251.41187723801
6855,,,,2026.0,10130.159340739057,10130.159340739057,5065,2,35.398,41630.21397586594
6856,,,,2022.0,10132.159340739057,10132.159340739057,5066,2,35.339,42286.39476186896
6857,,,,2019.0,10134.159340739057,10134.159340739057,5067,2,35.277,44369.295352347304
6858,,,,2016.0,10136.159340739057,10136.159340739057,5068,2,35.22,40730.42302751418
6859,,,,2014.0,10138.159340739057,10138.159340739057,5069,2,35.162,41385.547981753865
6860,,,,2011.0,10140.159340739057,10140.159340739057,5070,2,35.106,39901.608127081054
6861,,,,2008.0,10142.159340739057,10142.159340739057,5071,2,35.05,39845.866519701
6862,,,,2004.0,10144.159340739057,10144.159340739057,5072,2,34.991,41919.91679869578
6863,,,,1999.0,10146.159340739057,10146.159340739057,5073,2,34.932,41857.54407536556
6864,,,,1994.0,10148.159340739057,10148.159340739057,5074,2,34.876,39671.67160646866
6865,,,,1989.0,10150.159340739057,10150.159340739057,5075,2,34.818,41029.50189542101
6866,,,,1984.0,10152.159340739057,10152.159340739057,5076,2,34.758,42380.798297472225
6867,,,,1978.0,10154.159340739057,10154.159340739057,5077,2,34.699,41611.369274456294
6868,,,,1972.0,10156.159340739057,10156.159340739057,5078,2,34.641,40845.22914383696
6869,,,,1966.0,10158.159340739057,10158.159340739057,5079,2,34.581,42190.08635307495
6870,,,,1960.0,10160.159340739057,10160.159340739057,5080,2,34.52,42826.70740686895
6871,,,,1954.0,10162.159340739057,10162.159340739057,5081,2,34.461,41358.75889553096
6872,,,,1949.0,10164.159340739057,10164.159340739057,5082,2,34.401,41995.460431315
6873,,,,1946.0,10166.159340739057,10166.159340739057,5083,2,34.342,41232.2852020683
6874,,,,1942.0,10168.159340739057,10168.159340739057,5084,2,34.285,39775.185451384765
6875,,,,1939.0,10170.159340739057,10170.159340739057,5085,2,34.228,39716.92323398369
6876,,,,1937.0,10172.159340739057,10172.159340739057,5086,2,34.169,41048.96576328643
6877,,,,1936.0,10174.159340739057,10174.159340739057,5087,2,34.112,39598.00111486177
6878,,,,1935.0,10176.159340739057,10176.159340739057,5088,2,34.054,40232.748502007365
6879,,,,1934.0,10178.159340739057,10178.159340739057,5089,2,33.998,38788.06956953767
6880,,,,1932.0,10180.159340739057,10180.159340739057,5090,2,33.944,37349.660840135126
6881,,,,1931.0,10182.159340739057,10182.159340739057,5091,2,33.885,40748.095469459564
6882,,,,1932.0,10184.159340739057,10184.159340739057,5092,2,33.829,38618.169273531246
6883,,,,1933.0,10186.159340739057,10186.159340739057,5093,2,33.774,37873.82114515884
6884,,,,1934.0,10188.159340739057,10188.159340739057,5094,2,33.721,36445.44017927169
6885,,,,1936.0,10190.159340739057,10190.159340739057,5095,2,33.666,37767.634712190855
6886,,,,1938.0,10192.159340739057,10192.159340739057,5096,2,33.613,36343.069279134026
6887,,,,1940.0,10194.159340739057,10194.159340739057,5097,2,33.56,36292.930065957764
6888,,,,1941.0,10196.159340739057,10196.159340739057,5098,2,33.509,34876.15675202674
6889,,,,1943.0,10198.159340739057,10198.159340739057,5099,2,33.458,34829.946965136216
6890,,,,1945.0,10200.159340739057,10200.159340739057,5100,2,33.412,31375.894135299728
6891,,,,1946.0,10202.159340739057,10202.159340739057,5101,2,33.366,31338.87063696972
6892,,,,1948.0,10204.159340739057,10204.159340739057,5102,2,33.316,34021.68765795616
6893,,,,1949.0,10206.159340739057,10206.159340739057,5103,2,33.267,33298.27866183666
6894,,,,1950.0,10208.159340739057,10208.159340739057,5104,2,33.216,34612.121929969406
6895,,,,1952.0,10210.159340739057,10210.159340739057,5105,2,33.162,36597.417662858556
6896,,,,1954.0,10212.159340739057,10212.159340739057,5106,2,33.11,35192.57163913159
6897,,,,1956.0,10214.159340739057,10214.159340739057,5107,2,33.061,33118.17574906582
6898,,,,1958.0,10216.159340739057,10216.159340739057,5108,2,33.017,29702.78858436157
6899,,,,1960.0,10218.159340739057,10218.159340739057,5109,2,32.975,28321.304390991252
6900,,,,1961.0,10220.159340739057,10220.159340739057,5110,2,32.945,20211.387112246328
6901,,,,1962.0,10222.159340739057,10222.159340739057,5111,2,32.931,9427.529562229318
6907,,,,1966.0,10234.159340739057,10234.159340739057,5117,2,32.929,1348.043468359007
6908,,,,1966.0,10236.159340739057,10236.159340739057,5118,2,32.905,16173.295536917776
6909,,,,1967.0,10238.159340739057,10238.159340739057,5119,2,32.876,19530.814428203856
6910,,,,1967.0,10240.159340739057,10240.159340739057,5120,2,32.848,18844.678510299666
6911,,,,1967.0,10242.159340739057,10242.159340739057,5121,2,32.821,18159.993767169504
6912,,,,1967.0,10244.159340739057,10244.159340739057,5122,2,32.805,10756.531214324277
6913,,,,1966.0,10246.159340739057,10246.159340739057,5123,2,32.8,3360.9964177476486
6919,,,,1951.0,10258.159340739057,10258.159340739057,5129,2,32.794,4037.242222778779
6920,,,,1948.0,10260.159340739057,10260.159340739057,5130,2,32.765,19506.727800363395
6921,,,,1946.0,10262.159340739057,10262.159340739057,5131,2,32.732,22180.64146123358
6922,,,,1943.0,10264.159340739057,10264.159340739057,5132,2,32.701,20820.05688241914
6923,,,,1941.0,10266.159340739057,10266.159340739057,5133,2,32.676,16779.26748048648
6924,,,,1938.0,10268.159340739057,10268.159340739057,5134,2,32.66,10734.087338988018
6925,,,,1936.0,10270.159340739057,10270.159340739057,5135,2,32.653,4695.424419150419
6931,,,,1907.0,10282.159340739057,10282.159340739057,5141,2,32.626,18122.64514931152
6932,,,,1902.0,10284.159340739057,10284.159340739057,5142,2,32.579,31517.19466120386
6933,,,,1898.0,10286.159340739057,10286.159340739057,5143,2,32.522,38169.43777676429
6934,,,,1894.0,10288.159340739057,10288.159340739057,5144,2,32.462,40113.944795911986
6935,,,,1892.0,10290.159340739057,10290.159340739057,5145,2,32.405,38047.03065947751
6936,,,,1891.0,10292.159340739057,10292.159340739057,5146,2,32.35,36655.78279602548
6937,,,,1888.0,10294.159340739057,10294.159340739057,5147,2,32.293,37930.38450901495
6938,,,,1885.0,10296.159340739057,10296.159340739057,5148,2,32.232,40525.94056913241
6939,,,,1884.0,10298.159340739057,10298.159340739057,5149,2,32.177,36481.17797377122
6940,,,,1882.0,10300.159340739057,10300.159340739057,5150,2,32.123,35764.21326291551
6941,,,,1879.0,10302.159340739057,10302.159340739057,5151,2,32.068,36371.825063275755
6942,,,,1875.0,10304.159340739057,10304.159340739057,5152,2,32.008,39614.95883502856
6943,,,,1873.0,10306.159340739057,10306.159340739057,5153,2,31.948,39548.44360777993
6944,,,,1872.0,10308.159340739057,10308.159340739057,5154,2,31.89,38167.03200765768
6945,,,,1872.0,10310.159340739057,10310.159340739057,5155,2,31.835,36135.819719372616
6946,,,,1873.0,10312.159340739057,10312.159340739057,5156,2,31.783,34114.02555283488
6947,,,,1875.0,10314.159340739057,10314.159340739057,5157,2,31.734,32101.09848344008
6948,,,,1876.0,10316.159340739057,10316.159340739057,5158,2,31.686,31404.0396187054
6949,,,,1876.0,10318.159340739057,10318.159340739057,5159,2,31.631,35932.31922376643
6950,,,,1877.0,10320.159340739057,10320.159340739057,5160,2,31.576,35876.84712975496
6951,,,,1878.0,10322.159340739057,10322.159340739057,5161,2,31.522,35170.61094442679
6952,,,,1878.0,10324.159340739057,10324.159340739057,5162,2,31.465,37066.40599052156
6953,,,,1878.0,10326.159340739057,10326.159340739057,5163,2,31.41,35709.14977019307
6954,,,,1878.0,10328.159340739057,10328.159340739057,5164,2,31.356,35005.89145576372
6955,,,,1878.0,10330.159340739057,10330.159340739057,5165,2,31.305,33012.203836953806
6956,,,,1876.0,10332.159340739057,10332.159340739057,5166,2,31.25,35548.05251579606
6957,,,,1875.0,10334.159340739057,10334.159340739057,5167,2,31.193,36781.866967683934
6958,,,,1874.0,10336.159340739057,10336.159340739057,5168,2,31.142,32859.529117754675
6959,,,,1872.0,10338.159340739057,10338.159340739057,5169,2,31.093,31526.371981973538
6960,,,,1869.0,10340.159340739057,10340.159340739057,5170,2,31.043,32124.80703980856
6961,,,,1865.0,10342.159340739057,10342.159340739057,5171,2,30.994,31438.23041204969
6962,,,,1860.0,10344.159340739057,10344.159340739057,5172,2,30.941,33955.27196474023
6963,,,,1856.0,10346.159340739057,10346.159340739057,5173,2,30.891,31986.186217829323
6964,,,,1852.0,10348.159340739057,10348.159340739057,5174,2,30.839,33217.17755739849
6965,,,,1848.0,10350.159340739057,10350.159340739057,5175,2,30.79,31255.628530509635
6966,,,,1845.0,10352.159340739057,10352.159340739057,5176,2,30.744,29302.44955215931
6967,,,,1840.0,10354.159340739057,10354.159340739057,5177,2,30.695,31171.310591047353
6968,,,,1836.0,10356.159340739057,10356.159340739057,5178,2,30.646,31127.601335893127
6969,,,,1833.0,10358.159340739057,10358.159340739057,5179,2,30.594,32985.35125739646
6970,,,,1829.0,10360.159340739057,10360.159340739057,5180,2,30.541,33568.52208869288
6971,,,,1826.0,10362.159340739057,10362.159340739057,5181,2,30.488,33516.78778751661
6972,,,,1824.0,10364.159340739057,10364.159340739057,5182,2,30.436,32834.15427110944
6973,,,,1821.0,10366.159340739057,10366.159340739057,5183,2,30.386,31524.527171121994
6974,,,,1819.0,10368.159340739057,10368.159340739057,5184,2,30.34,28962.374829782726
6975,,,,1818.0,10370.159340739057,10370.159340739057,5185,2,30.295,28295.757523155913
6976,,,,1818.0,10372.159340739057,10372.159340739057,5186,2,30.25,28259.20742782815
6977,,,,1819.0,10374.159340739057,10374.159340739057,5187,2,30.204,28849.333724111402
6978,,,,1821.0,10376.159340739057,10376.159340739057,5188,2,30.154,31314.211274416848
6979,,,,1823.0,10378.159340739057,10378.159340739057,5189,2,30.108,28768.797356813993
6980,,,,1824.0,10380.159340739057,10380.159340739057,5190,2,30.064,27482.177705442125
6981,,,,1824.0,10382.159340739057,10382.159340739057,5191,2,30.02,27447.273120474783
6982,,,,1826.0,10384.159340739057,10384.159340739057,5192,2,29.985,21808.551843436737
6983,,,,1826.0,10386.159340739057,10386.159340739057,5193,2,29.952,20543.002669392503
6984,,,,1826.0,10388.159340739057,10388.159340739057,5194,2,29.919,20524.333100350585
6985,,,,1825.0,10390.159340739057,10390.159340739057,5195,2,29.889,18642.439495528353
6986,,,,1825.0,10392.159340739057,10392.159340739057,5196,2,29.861,17386.08257705563
6987,,,,1824.0,10394.159340739057,10394.159340739057,5197,2,29.841,12411.0420192158
6988,,,,1823.0,10396.159340739057,10396.159340739057,5198,2,29.832,5583.330147059508
6993,,,,1816.0,10406.159340739057,10406.159340739057,5203,2,29.824,4966.318733048487
6994,,,,1814.0,10408.159340739057,10408.159340739057,5204,2,29.813,6827.825384641936
6995,,,,1812.0,10410.159340739057,10410.159340739057,5205,2,29.801,7447.0948672661
6996,,,,1810.0,10412.159340739057,10412.159340739057,5206,2,29.786,9306.440079547421
6997,,,,1809.0,10414.159340739057,10414.159340739057,5207,2,29.772,8683.451028222113
6998,,,,1808.0,10416.159340739057,10416.159340739057,5208,2,29.752,12400.229371962769
6999,,,,1808.0,10418.159340739057,10418.159340739057,5209,2,29.72,19826.84071399788
7000,,,,1808.0,10420.159340739057,10420.159340739057,5210,2,29.675,27850.74138194269
7001,,,,1809.0,10422.159340739057,10422.159340739057,5211,2,29.627,29666.634874777486
7002,,,,1811.0,10424.159340739057,10424.159340739057,5212,2,29.58,29007.610498095823
7003,,,,1812.0,10426.159340739057,10426.159340739057,5213,2,29.536,27119.524765831833
7004,,,,1813.0,10428.159340739057,10428.159340739057,5214,2,29.499,22778.176307181213
7005,,,,1815.0,10430.159340739057,10430.159340739057,5215,2,29.475,14762.597207056258
7006,,,,1817.0,10432.159340739057,10432.159340739057,5216,2,29.467,4919.138686896375
7011,,,,1825.0,10442.159340739057,10442.159340739057,5221,2,29.451,9843.698304601536
7012,,,,1826.0,10444.159340739057,10444.159340739057,5222,2,29.422,17831.490793152534
7013,,,,1829.0,10446.159340739057,10446.159340739057,5223,2,29.39,19659.504740721473
7014,,,,1831.0,10448.159340739057,10448.159340739057,5224,2,29.353,22708.980293661683
7015,,,,1834.0,10450.159340739057,10450.159340739057,5225,2,29.312,25135.402506702958
7016,,,,1837.0,10452.159340739057,10452.159340739057,5226,2,29.265,28776.03847201654
7017,,,,1839.0,10454.159340739057,10454.159340739057,5227,2,29.213,31789.593156242165
7018,,,,1842.0,10456.159340739057,10456.159340739057,5228,2,29.166,28689.74592919162
7019,,,,1844.0,10458.159340739057,10458.159340739057,5229,2,29.133,20120.107636390392
7020,,,,1846.0,10460.159340739057,10460.159340739057,5230,2,29.123,6093.670425539733
7028,,,,1865.0,10476.159340739057,10476.159340739057,5238,2,29.097,15857.971917263405
7029,,,,1868.0,10478.159340739057,10478.159340739057,5239,2,29.055,25591.688723272593
7030,,,,1871.0,10480.159340739057,10480.159340739057,5240,2,29.012,26167.710734863427
7031,,,,1874.0,10482.159340739057,10482.159340739057,5241,2,28.982,18237.070464205317
7032,,,,1877.0,10484.159340739057,10484.159340739057,5242,2,28.96,13364.409531463321
7033,,,,1878.0,10486.159340739057,10486.159340739057,5243,2,28.947,7893.886376275314
7034,,,,1879.0,10488.159340739057,10488.159340739057,5244,2,28.943,2428.63817694019
7035,,,,1881.0,10490.159340739057,10490.159340739057,5245,2,28.94,1821.6056793600658
7039,,,,1889.0,10498.159340739057,10498.159340739057,5249,2,28.935,3037.9048592279187
7040,,,,1891.0,10500.159340739057,10500.159340739057,5250,2,28.906,17612.851776402895
7041,,,,1892.0,10502.159340739057,10502.159340739057,5251,2,28.864,25481.809294807616
7042,,,,1894.0,10504.159340739057,10504.159340739057,5252,2,28.809,33319.35099121423
7043,,,,1897.0,10506.159340739057,10506.159340739057,5253,2,28.759,30240.92904638373
7044,,,,1899.0,10508.159340739057,10508.159340739057,5254,2,28.72,23555.941139108163
7045,,,,1902.0,10510.159340739057,10510.159340739057,5255,2,28.691,17498.563979423878
7046,,,,1904.0,10512.159340739057,10512.159340739057,5256,2,28.682,5428.027060706203
7051,,,,1919.0,10522.159340739057,10522.159340739057,5261,2,28.681,603.5826262614079
7052,,,,1921.0,10524.159340739057,10524.159340739057,5262,2,28.654,16291.872246635012
7053,,,,1922.0,10526.159340739057,10526.159340739057,5263,2,28.615,23510.08215210751
7054,,,,1923.0,10528.159340739057,10528.159340739057,5264,2,28.567,28897.017956261712
7055,,,,1925.0,10530.159340739057,10530.159340739057,5265,2,28.523,26451.339057563175
7056,,,,1926.0,10532.159340739057,10532.159340739057,5266,2,28.492,18615.22300917864
7057,,,,1928.0,10534.159340739057,10534.159340739057,5267,2,28.473,11401.48935005995
7058,,,,1929.0,10536.159340739057,10536.159340739057,5268,2,28.463,5998.867682241997
7059,,,,1932.0,10538.159340739057,10538.159340739057,5269,2,28.454,5398.203736771809
7060,,,,1934.0,10540.159340739057,10540.159340739057,5270,2,28.443,6596.737906109872
7061,,,,1936.0,10542.159340739057,10542.159340739057,5271,2,28.437,3597.828139807562
7089,,,,1911.0,10598.159340739057,10598.159340739057,5299,2,28.395,25297.21284942201
7090,,,,1913.0,10600.159340739057,10600.159340739057,5300,2,28.361,20455.16988046087
7091,,,,1914.0,10602.159340739057,10602.159340739057,5301,2,28.348,7816.092102702633
7099,,,,1947.0,10618.159340739057,10618.159340739057,5309,2,28.324,14442.055827799142
7100,,,,1951.0,10620.159340739057,10620.159340739057,5310,2,28.281,25849.627137750667
7101,,,,1956.0,10622.159340739057,10622.159340739057,5311,2,28.239,25215.306729418826
7102,,,,1960.0,10624.159340739057,10624.159340739057,5312,2,28.204,20988.079898426797
7103,,,,1963.0,10626.159340739057,10626.159340739057,5313,2,28.181,13780.587871833963
7104,,,,1967.0,10628.159340739057,10628.159340739057,5314,2,28.173,4791.514331905671
7112,,,,1981.0,10644.159340739057,10644.159340739057,5322,2,28.144,17383.966526179593
7113,,,,1981.0,10646.159340739057,10646.159340739057,5323,2,28.098,27543.019507524543
7114,,,,1980.0,10648.159340739057,10648.159340739057,5324,2,28.052,27503.130761194538
7115,,,,1981.0,10650.159340739057,10650.159340739057,5325,2,28.01,25076.907784340376
7116,,,,1983.0,10652.159340739057,10652.159340739057,5326,2,27.975,20872.63992419475
7117,,,,1985.0,10654.159340739057,10654.159340739057,5327,2,27.952,13704.668897338619
7118,,,,1988.0,10656.159340739057,10656.159340739057,5328,2,27.941,6551.651854352868
7124,,,,2000.0,10668.159340739057,10668.159340739057,5334,2,27.928,7748.2521246996375
7125,,,,1999.0,10670.159340739057,10670.159340739057,5335,2,27.887,24417.75268773759
7126,,,,1998.0,10672.159340739057,10672.159340739057,5336,2,27.837,29734.770355167584
7127,,,,1999.0,10674.159340739057,10674.159340739057,5337,2,27.79,27907.258697423058
7128,,,,1999.0,10676.159340739057,10676.159340739057,5338,2,27.741,29050.032413178145
7129,,,,1999.0,10678.159340739057,10678.159340739057,5339,2,27.688,31369.623787185225
7130,,,,1999.0,10680.159340739057,10680.159340739057,5340,2,27.636,30725.19503908624
7131,,,,1999.0,10682.159340739057,10682.159340739057,5341,2,27.581,32441.0235774672
7132,,,,1998.0,10684.159340739057,10684.159340739057,5342,2,27.526,32382.45828345573
7133,,,,1997.0,10686.159340739057,10686.159340739057,5343,2,27.473,31149.588111809775
7134,,,,1997.0,10688.159340739057,10688.159340739057,5344,2,27.421,30509.222580227317
7135,,,,1995.0,10690.159340739057,10690.159340739057,5345,2,27.365,32797.57989993743
7136,,,,1991.0,10692.159340739057,10692.159340739057,5346,2,27.303,36240.17594404902
7137,,,,1986.0,10694.159340739057,10694.159340739057,5347,2,27.241,36164.73807903949
7138,,,,1982.0,10696.159340739057,10696.159340739057,5348,2,27.181,34926.383018501314
7139,,,,1978.0,10698.159340739057,10698.159340739057,5349,2,27.125,32534.55750485836
7140,,,,1975.0,10700.159340739057,10700.159340739057,5350,2,27.069,32473.52837747324
7141,,,,1973.0,10702.159340739057,10702.159340739057,5351,2,27.015,31256.041632363813
7142,,,,1970.0,10704.159340739057,10704.159340739057,5352,2,26.962,30622.2556629593
7143,,,,1965.0,10706.159340739057,10706.159340739057,5353,2,26.906,32296.285916548706
7144,,,,1960.0,10708.159340739057,10708.159340739057,5354,2,26.852,31085.058411329446
7145,,,,1954.0,10710.159340739057,10710.159340739057,5355,2,26.797,31602.41361592187
7146,,,,1949.0,10712.159340739057,10712.159340739057,5356,2,26.744,30397.605332913496
7147,,,,1945.0,10714.159340739057,10714.159340739057,5357,2,26.691,30343.088531737223
7148,,,,1939.0,10716.159340739057,10716.159340739057,5358,2,26.636,31430.33460399738
7149,,,,1934.0,10718.159340739057,10718.159340739057,5359,2,26.582,30801.5462049535
7150,,,,1929.0,10720.159340739057,10720.159340739057,5360,2,26.529,30175.99428553805
7151,,,,1924.0,10722.159340739057,10722.159340739057,5361,2,26.477,29553.616456790925
7152,,,,1919.0,10724.159340739057,10724.159340739057,5362,2,26.427,28367.546288123358
7153,,,,1912.0,10726.159340739057,10726.159340739057,5363,2,26.374,30016.652785569702
7154,,,,1905.0,10728.159340739057,10728.159340739057,5364,2,26.318,31656.137631002977
7155,,,,1899.0,10730.159340739057,10730.159340739057,5365,2,26.264,30467.514876557176
7156,,,,1894.0,10732.159340739057,10732.159340739057,5366,2,26.213,28722.76781192123
7157,,,,1890.0,10734.159340739057,10734.159340739057,5367,2,26.16,29795.546739084377
7158,,,,1887.0,10736.159340739057,10736.159340739057,5368,2,26.107,29740.782533908103
7159,,,,1884.0,10738.159340739057,10738.159340739057,5369,2,26.055,29126.441111644574
7160,,,,1881.0,10740.159340739057,10740.159340739057,5370,2,26.004,28515.21971109536
7161,,,,1878.0,10742.159340739057,10742.159340739057,5371,2,25.951,29579.77109304964
7162,,,,1876.0,10744.159340739057,10744.159340739057,5372,2,25.897,30081.411368927627
7163,,,,1875.0,10746.159340739057,10746.159340739057,5373,2,25.846,28357.96466116001
7164,,,,1873.0,10748.159340739057,10748.159340739057,5374,2,25.793,29416.282610410937
7165,,,,1870.0,10750.159340739057,10750.159340739057,5375,2,25.738,30468.15535431918
7166,,,,1867.0,10752.159340739057,10752.159340739057,5376,2,25.686,28751.790180784374
7167,,,,1863.0,10754.159340739057,10754.159340739057,5377,2,25.631,30352.915718878685
7168,,,,1859.0,10756.159340739057,10756.159340739057,5378,2,25.578,29193.044675035493
7169,,,,1855.0,10758.159340739057,10758.159340739057,5379,2,25.527,28039.582388531056
7170,,,,1850.0,10760.159340739057,10760.159340739057,5380,2,25.474,29085.280986463185
7171,,,,1847.0,10762.159340739057,10762.159340739057,5381,2,25.423,27935.842822246443
7172,,,,1844.0,10764.159340739057,10764.159340739057,5382,2,25.371,28431.244896781765
7173,,,,1841.0,10766.159340739057,10766.159340739057,5383,2,25.32,27833.116540210696
7174,,,,1836.0,10768.159340739057,10768.159340739057,5384,2,25.266,29414.777854174914
7175,,,,1832.0,10770.159340739057,10770.159340739057,5385,2,25.211,29900.49331733654
7176,,,,1829.0,10772.159340739057,10772.159340739057,5386,2,25.157,29298.894570413802
7177,,,,1826.0,10774.159340739057,10774.159340739057,5387,2,25.105,28159.601432779564
7178,,,,1822.0,10776.159340739057,10776.159340739057,5388,2,25.051,29186.408586282945
7179,,,,1817.0,10778.159340739057,10778.159340739057,5389,2,24.996,29667.799728928065
7180,,,,1811.0,10780.159340739057,10780.159340739057,5390,2,24.938,31221.195638186822
7181,,,,1807.0,10782.159340739057,10782.159340739057,5391,2,24.886,27934.93596363489
7182,,,,1804.0,10784.159340739057,10784.159340739057,5392,2,24.837,26274.816990078565
7183,,,,1800.0,10786.159340739057,10786.159340739057,5393,2,24.788,26227.894706924337
7184,,,,1795.0,10788.159340739057,10788.159340739057,5394,2,24.734,28849.566251091495
7185,,,,1791.0,10790.159340739057,10790.159340739057,5395,2,24.678,29857.147787298007
7186,,,,1787.0,10792.159340739057,10792.159340739057,5396,2,24.622,29794.993507912888
7187,,,,1784.0,10794.159340739057,10794.159340739057,5397,2,24.565,30263.141983096386
7188,,,,1783.0,10796.159340739057,10796.159340739057,5398,2,24.509,29669.400515296493
7189,,,,1782.0,10798.159340739057,10798.159340739057,5399,2,24.454,29079.065169033205
7190,,,,1781.0,10800.159340739057,10800.159340739057,5400,2,24.401,27965.014583366188
7191,,,,1780.0,10802.159340739057,10802.159340739057,5401,2,24.344,30013.421652665813
7192,,,,1778.0,10804.159340739057,10804.159340739057,5402,2,24.29,28374.272210386254
7193,,,,1775.0,10806.159340739057,10806.159340739057,5403,2,24.233,29887.794372368102
7194,,,,1771.0,10808.159340739057,10808.159340739057,5404,2,24.176,29823.09457497384
7195,,,,1767.0,10810.159340739057,10810.159340739057,5405,2,24.12,29236.89750913731
7196,,,,1762.0,10812.159340739057,10812.159340739057,5406,2,24.065,28654.114380842984
7197,,,,1758.0,10814.159340739057,10814.159340739057,5407,2,24.009,29113.274184215097
7198,,,,1755.0,10816.159340739057,10816.159340739057,5408,2,23.954,28532.64977529256
7199,,,,1751.0,10818.159340739057,10818.159340739057,5409,2,23.897,29506.60532898228
7200,,,,1747.0,10820.159340739057,10820.159340739057,5410,2,23.841,28925.83493005791
7201,,,,1744.0,10822.159340739057,10822.159340739057,5411,2,23.786,28348.484060675706
7202,,,,1740.0,10824.159340739057,10824.159340739057,5412,2,23.731,28288.236866664232
7203,,,,1735.0,10826.159340739057,10826.159340739057,5413,2,23.677,27715.31434939194
7204,,,,1729.0,10828.159340739057,10828.159340739057,5414,2,23.617,30726.418071654123
7205,,,,1724.0,10830.159340739057,10830.159340739057,5415,2,23.559,29633.56862940485
7206,,,,1719.0,10832.159340739057,10832.159340739057,5416,2,23.503,28547.852642056725
7207,,,,1715.0,10834.159340739057,10834.159340739057,5417,2,23.448,27977.10383638703
7208,,,,1710.0,10836.159340739057,10836.159340739057,5418,2,23.394,27409.71829530158
7209,,,,1707.0,10838.159340739057,10838.159340739057,5419,2,23.341,26845.63296983893
7210,,,,1704.0,10840.159340739057,10840.159340739057,5420,2,23.291,25274.915518867547
7211,,,,1701.0,10842.159340739057,10842.159340739057,5421,2,23.241,25225.36792216385
7212,,,,1697.0,10844.159340739057,10844.159340739057,5422,2,23.185,28193.252726976953
7213,,,,1694.0,10846.159340739057,10846.159340739057,5423,2,23.128,28632.136120215233
7214,,,,1691.0,10848.159340739057,10848.159340739057,5424,2,23.072,28066.35784636056
7215,,,,1689.0,10850.159340739057,10850.159340739057,5425,2,23.018,27004.527576791057
7216,,,,1686.0,10852.159340739057,10852.159340739057,5426,2,22.961,28441.371756688022
7217,,,,1683.0,10854.159340739057,10854.159340739057,5427,2,22.903,28873.279512211968
7218,,,,1681.0,10856.159340739057,10856.159340739057,5428,2,22.845,28805.559496167476
7219,,,,1678.0,10858.159340739057,10858.159340739057,5429,2,22.789,27748.06962789473
7220,,,,1674.0,10860.159340739057,10860.159340739057,5430,2,22.731,28672.558285045547
7221,,,,1670.0,10862.159340739057,10862.159340739057,5431,2,22.674,28112.19165737771
7222,,,,1664.0,10864.159340739057,10864.159340739057,5432,2,22.617,28046.772519979837
7223,,,,1660.0,10866.159340739057,10866.159340739057,5433,2,22.562,27000.721707038603
7224,,,,1657.0,10868.159340739057,10868.159340739057,5434,2,22.505,27918.334209519024
7225,,,,1653.0,10870.159340739057,10870.159340739057,5435,2,22.449,27364.800008199403
7226,,,,1648.0,10872.159340739057,10872.159340739057,5436,2,22.392,27788.554328891616
7227,,,,1644.0,10874.159340739057,10874.159340739057,5437,2,22.338,26265.6619548072
7228,,,,1639.0,10876.159340739057,10876.159340739057,5438,2,22.279,28630.434477040028
7229,,,,1634.0,10878.159340739057,10878.159340739057,5439,2,22.223,27109.591430968347
7230,,,,1630.0,10880.159340739057,10880.159340739057,5440,2,22.167,27046.335295581517
7231,,,,1628.0,10882.159340739057,10882.159340739057,5441,2,22.114,25539.263581665506
7232,,,,1626.0,10884.159340739057,10884.159340739057,5442,2,22.06,25963.030154762568
7233,,,,1623.0,10886.159340739057,10886.159340739057,5443,2,22.006,25904.31286548567
7234,,,,1620.0,10888.159340739057,10888.159340739057,5444,2,21.947,28235.468782707227
7235,,,,1618.0,10890.159340739057,10890.159340739057,5445,2,21.893,25780.927616891295
7236,,,,1617.0,10892.159340739057,10892.159340739057,5446,2,21.841,24770.600223609672
7237,,,,1616.0,10894.159340739057,10894.159340739057,5447,2,21.793,22817.075936343652
7238,,,,1614.0,10896.159340739057,10896.159340739057,5448,2,21.741,24666.376838465985
7239,,,,1612.0,10898.159340739057,10898.159340739057,5449,2,21.69,24139.21587470877
7240,,,,1610.0,10900.159340739057,10900.159340739057,5450,2,21.639,24086.943207819928
7241,,,,1607.0,10902.159340739057,10902.159340739057,5451,2,21.587,24505.35046246471
7242,,,,1604.0,10904.159340739057,10904.159340739057,5452,2,21.537,23511.54837050189
7243,,,,1601.0,10906.159340739057,10906.159340739057,5453,2,21.487,23461.32997379819
7244,,,,1599.0,10908.159340739057,10908.159340739057,5454,2,21.438,22943.404245359736
7245,,,,1596.0,10910.159340739057,10910.159340739057,5455,2,21.39,22428.494603767464
7246,,,,1593.0,10912.159340739057,10912.159340739057,5456,2,21.34,23313.828431489328
7247,,,,1590.0,10914.159340739057,10914.159340739057,5457,2,21.288,24192.93678760509
7248,,,,1589.0,10916.159340739057,10916.159340739057,5458,2,21.24,22283.636373262474
7249,,,,1587.0,10918.159340739057,10918.159340739057,5459,2,21.196,20386.212430477095
7250,,,,1584.0,10920.159340739057,10920.159340739057,5460,2,21.147,22657.22304128219
7251,,,,1581.0,10922.159340739057,10922.159340739057,5461,2,21.095,23991.440453317777
7252,,,,1578.0,10924.159340739057,10924.159340739057,5462,2,21.046,22557.39494012591
7253,,,,1576.0,10926.159340739057,10926.159340739057,5463,2,21.001,20673.549981001634
7254,,,,1574.0,10928.159340739057,10928.159340739057,5464,2,20.955,21091.085251803546
7255,,,,1571.0,10930.159340739057,10930.159340739057,5465,2,20.907,21962.79985545609
7256,,,,1568.0,10932.159340739057,10932.159340739057,5466,2,20.861,21004.263841823205
7257,,,,1564.0,10934.159340739057,10934.159340739057,5467,2,20.811,22782.414402364226
7258,,,,1559.0,10936.159340739057,10936.159340739057,5468,2,20.763,21823.67464472972
7259,,,,1553.0,10938.159340739057,10938.159340739057,5469,2,20.713,22683.55484082498
7260,,,,1548.0,10940.159340739057,10940.159340739057,5470,2,20.665,21728.73183365366
7261,,,,1543.0,10942.159340739057,10942.159340739057,5471,2,20.619,20779.860886260994
7262,,,,1539.0,10944.159340739057,10944.159340739057,5472,2,20.571,21637.916315761224
7263,,,,1535.0,10946.159340739057,10946.159340739057,5473,2,20.521,22489.97898148279
7264,,,,1533.0,10948.159340739057,10948.159340739057,5474,2,20.473,21542.824512685147
7265,,,,1531.0,10950.159340739057,10950.159340739057,5475,2,20.428,20154.26102379974
7266,,,,1529.0,10952.159340739057,10952.159340739057,5476,2,20.383,20113.58586847134
7267,,,,1526.0,10954.159340739057,10954.159340739057,5477,2,20.336,20963.99346719129
7268,,,,1524.0,10956.159340739057,10956.159340739057,5478,2,20.286,22253.055236973836
7269,,,,1523.0,10958.159340739057,10958.159340739057,5479,2,20.241,19984.55956209669
7270,,,,1522.0,10960.159340739057,10960.159340739057,5480,2,20.196,19943.818346765118
7271,,,,1521.0,10962.159340739057,10962.159340739057,5481,2,20.146,22111.771606205068
7272,,,,1521.0,10964.159340739057,10964.159340739057,5482,2,20.099,20738.8718553983
7273,,,,1521.0,10966.159340739057,10966.159340739057,5483,2,20.053,20254.40857307004
7274,,,,1522.0,10968.159340739057,10968.159340739057,5484,2,20.011,18455.99010475022
7275,,,,1524.0,10970.159340739057,10970.159340739057,5485,2,19.973,16667.972341044308
7276,,,,1527.0,10972.159340739057,10972.159340739057,5486,2,19.935,16639.323528868255
7277,,,,1528.0,10974.159340739057,10974.159340739057,5487,2,19.901,14863.664790920684
7278,,,,1529.0,10976.159340739057,10976.159340739057,5488,2,19.866,15277.112497611015
7279,,,,1530.0,10978.159340739057,10978.159340739057,5489,2,19.831,15252.999697226203
7280,,,,1531.0,10980.159340739057,10980.159340739057,5490,2,19.795,15663.59258529958
7281,,,,1532.0,10982.159340739057,10982.159340739057,5491,2,19.756,16939.85997933789
7282,,,,1532.0,10984.159340739057,10984.159340739057,5492,2,19.714,18208.880305517454
7283,,,,1533.0,10986.159340739057,10986.159340739057,5493,2,19.672,18173.43661536179
7284,,,,1535.0,10988.159340739057,10988.159340739057,5494,2,19.63,18137.978813209196
7285,,,,1536.0,10990.159340739057,10990.159340739057,5495,2,19.585,19394.0594346179
7286,,,,1537.0,10992.159340739057,10992.159340739057,5496,2,19.538,20212.17374472376
7287,,,,1537.0,10994.159340739057,10994.159340739057,5497,2,19.49,20595.842436018247
7288,,,,1539.0,10996.159340739057,10996.159340739057,5498,2,19.443,20121.33316580944
7289,,,,1541.0,10998.159340739057,10998.159340739057,5499,2,19.403,17089.37991001513
7290,,,,1544.0,11000.159340739057,11000.159340739057,5500,2,19.364,16631.283909333924
7291,,,,1546.0,11002.159340739057,11002.159340739057,5501,2,19.325,16600.83916662091
7292,,,,1549.0,11004.159340739057,11004.159340739057,5502,2,19.284,17419.243107450522
7293,,,,1551.0,11006.159340739057,11006.159340739057,5503,2,19.245,16538.196216333192
7294,,,,1552.0,11008.159340739057,11008.159340739057,5504,2,19.205,16930.549066057814
7295,,,,1553.0,11010.159340739057,11010.159340739057,5505,2,19.167,16054.309700466492
7296,,,,1554.0,11012.159340739057,11012.159340739057,5506,2,19.134,13918.631592018866
7297,,,,1555.0,11014.159340739057,11014.159340739057,5507,2,19.105,12213.942731885068
7298,,,,1555.0,11016.159340739057,11016.159340739057,5508,2,19.08,10516.30111065392
7299,,,,1556.0,11018.159340739057,11018.159340739057,5509,2,19.057,9664.589483888472
7300,,,,1555.0,11020.159340739057,11020.159340739057,5510,2,19.039,7556.831824405107
7301,,,,1554.0,11022.159340739057,11022.159340739057,5511,2,19.025,5873.664624043697
7307,,,,1531.0,11034.159340739057,11034.159340739057,5517,2,19.005,8392.581594565947
7308,,,,1527.0,11036.159340739057,11036.159340739057,5518,2,18.968,15505.814909897312
7309,,,,1525.0,11038.159340739057,11038.159340739057,5519,2,18.931,15478.40243162237
7310,,,,1525.0,11040.159340739057,11040.159340739057,5520,2,18.894,15450.97900134891
7311,,,,1526.0,11042.159340739057,11042.159340739057,5521,2,18.864,12507.895571627752
7312,,,,1527.0,11044.159340739057,11044.159340739057,5522,2,18.839,10409.948490598004
7313,,,,1526.0,11046.159340739057,11046.159340739057,5523,2,18.811,11644.86117700657
7314,,,,1527.0,11048.159340739057,11048.159340739057,5524,2,18.78,12874.652091108883
7315,,,,1528.0,11050.159340739057,11050.159340739057,5525,2,18.75,12441.374401738576
7316,,,,1530.0,11052.159340739057,11052.159340739057,5526,2,18.718,13251.273797721964
7317,,,,1533.0,11054.159340739057,11054.159340739057,5527,2,18.686,13231.03283139213
7318,,,,1537.0,11056.159340739057,11056.159340739057,5528,2,18.658,11560.674003775122
7319,,,,1541.0,11058.159340739057,11058.159340739057,5529,2,18.637,8660.695104870454
7320,,,,1545.0,11060.159340739057,11060.159340739057,5530,2,18.627,4121.457776733647
7321,,,,1548.0,11062.159340739057,11062.159340739057,5531,2,18.626,412.09862191959166
7325,,,,1560.0,11070.159340739057,11070.159340739057,5535,2,18.604,9067.124709626563
7326,,,,1563.0,11072.159340739057,11072.159340739057,5536,2,18.562,17283.33071043132
7327,,,,1566.0,11074.159340739057,11074.159340739057,5537,2,18.515,19298.0404761996
7328,,,,1570.0,11076.159340739057,11076.159340739057,5538,2,18.472,17615.977938044067
7329,,,,1573.0,11078.159340739057,11078.159340739057,5539,2,18.443,11859.557309838052
7330,,,,1577.0,11080.159340739057,11080.159340739057,5540,2,18.432,4494.389632588418
7335,,,,1594.0,11090.159340739057,11090.159340739057,5545,2,18.407,10213.759498836573
7336,,,,1597.0,11092.159340739057,11092.159340739057,5546,2,18.365,17130.997097662228
7337,,,,1600.0,11094.159340739057,11094.159340739057,5547,2,18.321,17908.014501270285
7338,,,,1603.0,11096.159340739057,11096.159340739057,5548,2,18.282,15839.956093614397
7339,,,,1607.0,11098.159340739057,11098.159340739057,5549,2,18.264,7300.679962799969
7340,,,,1610.0,11100.159340739057,11100.159340739057,5550,2,18.263,405.45552023823063
7344,,,,1619.0,11108.159340739057,11108.159340739057,5554,2,18.247,6488.942360486854
7345,,,,1621.0,11110.159340739057,11110.159340739057,5555,2,18.208,15795.81349189965
7346,,,,1624.0,11112.159340739057,11112.159340739057,5556,2,18.158,20205.239329264678
7347,,,,1627.0,11114.159340739057,11114.159340739057,5557,2,18.113,18140.475305158274
7348,,,,1630.0,11116.159340739057,11116.159340739057,5558,2,18.084,11668.776970045183
7349,,,,1633.0,11118.159340739057,11118.159340739057,5559,2,18.071,5225.701662536714
7353,,,,1643.0,11126.159340739057,11126.159340739057,5563,2,18.067,1608.3085850230493
7354,,,,1645.0,11128.159340739057,11128.159340739057,5564,2,18.034,13257.343451881185
7355,,,,1646.0,11130.159340739057,11130.159340739057,5565,2,17.989,18042.377846914198
7356,,,,1648.0,11132.159340739057,11132.159340739057,5566,2,17.943,18400.034473845797
7357,,,,1650.0,11134.159340739057,11134.159340739057,5567,2,17.902,16363.2616043206
7358,,,,1652.0,11136.159340739057,11136.159340739057,5568,2,17.876,10359.167231216934
7359,,,,1655.0,11138.159340739057,11138.159340739057,5569,2,17.864,4776.933778056348
7363,,,,1662.0,11146.159340739057,11146.159340739057,5573,2,17.863,398.218834767071
7364,,,,1662.0,11148.159340739057,11148.159340739057,5574,2,17.84,9154.522857675227
7365,,,,1662.0,11150.159340739057,11150.159340739057,5575,2,17.804,14307.706063487449
7366,,,,1664.0,11152.159340739057,11152.159340739057,5576,2,17.763,16262.602902153445
7367,,,,1666.0,11154.159340739057,11154.159340739057,5577,2,17.72,17018.670543161206
7368,,,,1668.0,11156.159340739057,11156.159340739057,5578,2,17.676,17374.870305091375
7369,,,,1669.0,11158.159340739057,11158.159340739057,5579,2,17.628,18908.527553540996
7370,,,,1671.0,11160.159340739057,11160.159340739057,5580,2,17.587,16113.205458549308
7371,,,,1673.0,11162.159340739057,11162.159340739057,5581,2,17.55,14511.577331954906
7372,,,,1674.0,11164.159340739057,11164.159340739057,5582,2,17.513,14483.610001679965
7373,,,,1674.0,11166.159340739057,11166.159340739057,5583,2,17.471,16406.750571810062
7374,,,,1675.0,11168.159340739057,11168.159340739057,5584,2,17.428,16759.576491795164
7375,,,,1675.0,11170.159340739057,11170.159340739057,5585,2,17.386,16332.87294611718
7376,,,,1674.0,11172.159340739057,11172.159340739057,5586,2,17.341,17458.90098416232
7377,,,,1673.0,11174.159340739057,11174.159340739057,5587,2,17.294,18189.799412025604
7378,,,,1674.0,11176.159340739057,11176.159340739057,5588,2,17.251,16601.458250310436
7379,,,,1674.0,11178.159340739057,11178.159340739057,5589,2,17.209,16178.373577039067
7380,,,,1674.0,11180.159340739057,11180.159340739057,5590,2,17.165,16909.499075857017
7381,,,,1675.0,11182.159340739057,11182.159340739057,5591,2,17.118,18017.82452789241
7382,,,,1676.0,11184.159340739057,11184.159340739057,5592,2,17.074,16825.98615185502
7383,,,,1678.0,11186.159340739057,11186.159340739057,5593,2,17.028,17547.63866854375
7384,,,,1681.0,11188.159340739057,11188.159340739057,5594,2,16.98,18263.372297272326
7385,,,,1685.0,11190.159340739057,11190.159340739057,5595,2,16.933,17836.118064956958
7386,,,,1690.0,11192.159340739057,11192.159340739057,5596,2,16.889,16655.813381789143
7387,,,,1694.0,11194.159340739057,11194.159340739057,5597,2,16.842,17746.738869956273
7388,,,,1697.0,11196.159340739057,11196.159340739057,5598,2,16.796,17324.35476357366
7389,,,,1699.0,11198.159340739057,11198.159340739057,5599,2,16.748,18030.290732435395
7390,,,,1700.0,11200.159340739057,11200.159340739057,5600,2,16.699,18355.974744015075
7391,,,,1699.0,11202.159340739057,11202.159340739057,5601,2,16.649,18678.480484748572
7392,,,,1697.0,11204.159340739057,11204.159340739057,5602,2,16.597,19369.66103499481
7393,,,,1695.0,11206.159340739057,11206.159340739057,5603,2,16.54,21166.2946182228
7394,,,,1693.0,11208.159340739057,11208.159340739057,5604,2,16.485,20358.2204225348
7395,,,,1689.0,11210.159340739057,11210.159340739057,5605,2,16.428,21030.718539758927
7396,,,,1686.0,11212.159340739057,11212.159340739057,5606,2,16.37,21328.711319338396
7397,,,,1684.0,11214.159340739057,11214.159340739057,5607,2,16.316,19793.48465941618
7398,,,,1684.0,11216.159340739057,11216.159340739057,5608,2,16.264,19001.968508706334
7399,,,,1685.0,11218.159340739057,11218.159340739057,5609,2,16.211,19308.415403296847
7400,,,,1686.0,11220.159340739057,11220.159340739057,5610,2,16.158,19248.822898119284
7401,,,,1687.0,11222.159340739057,11222.159340739057,5611,2,16.105,19189.207920944304
7402,,,,1686.0,11224.159340739057,11224.159340739057,5612,2,16.047,20930.991925159586
7403,,,,1686.0,11226.159340739057,11226.159340739057,5613,2,15.989,20859.191957115094
7404,,,,1686.0,11228.159340739057,11228.159340739057,5614,2,15.932,20429.60223599683
7405,,,,1686.0,11230.159340739057,11230.159340739057,5615,2,15.879,18933.857735777554
7406,,,,1685.0,11232.159340739057,11232.159340739057,5616,2,15.825,19229.636505894814
7407,,,,1682.0,11234.159340739057,11234.159340739057,5617,2,15.762,22355.763639042838
7408,,,,1680.0,11236.159340739057,11236.159340739057,5618,2,15.703,20859.199465725284
7409,,,,1678.0,11238.159340739057,11238.159340739057,5619,2,15.646,20081.388258850748
7410,,,,1675.0,11240.159340739057,11240.159340739057,5620,2,15.591,19310.98715296715
7411,,,,1672.0,11242.159340739057,11242.159340739057,5621,2,15.532,20643.493784547227
7412,,,,1669.0,11244.159340739057,11244.159340739057,5622,2,15.476,19524.897998907363
7413,,,,1668.0,11246.159340739057,11246.159340739057,5623,2,15.424,18070.328828699996
7414,,,,1666.0,11248.159340739057,11248.159340739057,5624,2,15.371,18358.514545596812
7415,,,,1663.0,11250.159340739057,11250.159340739057,5625,2,15.314,19677.03494412308
7416,,,,1660.0,11252.159340739057,11252.159340739057,5626,2,15.258,19264.056860444492
7417,,,,1658.0,11254.159340739057,11254.159340739057,5627,2,15.205,18170.27916783717
7418,,,,1656.0,11256.159340739057,11256.159340739057,5628,2,15.154,17428.012812700403
7419,,,,1652.0,11258.159340739057,11258.159340739057,5629,2,15.103,17372.544485809878
7420,,,,1648.0,11260.159340739057,11260.159340739057,5630,2,15.049,18333.88151986615
7421,,,,1644.0,11262.159340739057,11262.159340739057,5631,2,14.996,17933.693601802443
7422,,,,1638.0,11264.159340739057,11264.159340739057,5632,2,14.942,18210.22572652457
7423,,,,1632.0,11266.159340739057,11266.159340739057,5633,2,14.885,19154.03687540489
7424,,,,1626.0,11268.159340739057,11268.159340739057,5634,2,14.83,18415.834514553266
7425,,,,1620.0,11270.159340739057,11270.159340739057,5635,2,14.775,18350.918700541795
7426,,,,1616.0,11272.159340739057,11272.159340739057,5636,2,14.726,16294.458662845835
7427,,,,1612.0,11274.159340739057,11274.159340739057,5637,2,14.678,15912.258300244395
7428,,,,1606.0,11276.159340739057,11276.159340739057,5638,2,14.624,17842.357134126225
7429,,,,1600.0,11278.159340739057,11278.159340739057,5639,2,14.564,19751.21489024966
7430,,,,1596.0,11280.159340739057,11280.159340739057,5640,2,14.506,19019.02545804644
7431,,,,1593.0,11282.159340739057,11282.159340739057,5641,2,14.453,17316.162774468776
7432,,,,1588.0,11284.159340739057,11284.159340739057,5642,2,14.396,18555.59263079547
7433,,,,1583.0,11286.159340739057,11286.159340739057,5643,2,14.338,18809.197144814694
7434,,,,1577.0,11288.159340739057,11288.159340739057,5644,2,14.28,18736.583552769625
7435,,,,1572.0,11290.159340739057,11290.159340739057,5645,2,14.226,17379.213237023323
7436,,,,1567.0,11292.159340739057,11292.159340739057,5646,2,14.174,16676.260914403883
7437,,,,1560.0,11294.159340739057,11294.159340739057,5647,2,14.115,18850.527941819633
7438,,,,1551.0,11296.159340739057,11296.159340739057,5648,2,14.051,20362.72793544042
7439,,,,1543.0,11298.159340739057,11298.159340739057,5649,2,13.986,20589.822073359406
7440,,,,1535.0,11300.159340739057,11300.159340739057,5650,2,13.927,18609.85951300524
7441,,,,1529.0,11302.159340739057,11302.159340739057,5651,2,13.869,18220.97962004055
7442,,,,1522.0,11304.159340739057,11304.159340739057,5652,2,13.808,19084.77830249171
7443,,,,1513.0,11306.159340739057,11306.159340739057,5653,2,13.742,20557.989529265502
7444,,,,1503.0,11308.159340739057,11308.159340739057,5654,2,13.673,21390.90999451919
7445,,,,1493.0,11310.159340739057,11310.159340739057,5655,2,13.604,21286.99792727667
7446,,,,1485.0,11312.159340739057,11312.159340739057,5656,2,13.54,19651.664201281357
7447,,,,1479.0,11314.159340739057,11314.159340739057,5657,2,13.481,18037.474073220274
7448,,,,1472.0,11316.159340739057,11316.159340739057,5658,2,13.425,17050.464660427548
7449,,,,1464.0,11318.159340739057,11318.159340739057,5659,2,13.362,19100.310658403945
7450,,,,1457.0,11320.159340739057,11320.159340739057,5660,2,13.3,18712.72147725247
7451,,,,1451.0,11322.159340739057,11322.159340739057,5661,2,13.241,17729.58443269108
7452,,,,1446.0,11324.159340739057,11324.159340739057,5662,2,13.186,16459.495739374022
7453,,,,1439.0,11326.159340739057,11326.159340739057,5663,2,13.13,16691.31571580954
7454,,,,1432.0,11328.159340739057,11328.159340739057,5664,2,13.071,17511.737070315852
7455,,,,1426.0,11330.159340739057,11330.159340739057,5665,2,13.013,17141.08082214253
7456,,,,1420.0,11332.159340739057,11332.159340739057,5666,2,12.958,16186.91306310829
7457,,,,1412.0,11334.159340739057,11334.159340739057,5667,2,12.899,17290.974126336205
7458,,,,1404.0,11336.159340739057,11336.159340739057,5668,2,12.835,18670.38236637255
7459,,,,1396.0,11338.159340739057,11338.159340739057,5669,2,12.771,18580.794117053734
7460,,,,1390.0,11340.159340739057,11340.159340739057,5670,2,12.71,17626.474609843674
7461,,,,1385.0,11342.159340739057,11342.159340739057,5671,2,12.657,15248.977467816205
7462,,,,1380.0,11344.159340739057,11344.159340739057,5672,2,12.606,14615.962368679677
7463,,,,1374.0,11346.159340739057,11346.159340739057,5673,2,12.546,17122.71598429627
7464,,,,1368.0,11348.159340739057,11348.159340739057,5674,2,12.48,18743.936353647856
7465,,,,1362.0,11350.159340739057,11350.159340739057,5675,2,12.415,18366.544091200783
7466,,,,1359.0,11352.159340739057,11352.159340739057,5676,2,12.357,16310.510088949652
7467,,,,1357.0,11354.159340739057,11354.159340739057,5677,2,12.305,14560.846438387833
7468,,,,1355.0,11356.159340739057,11356.159340739057,5678,2,12.249,15614.991641340148
7469,,,,1352.0,11358.159340739057,11358.159340739057,5679,2,12.189,16654.241878139004
7470,,,,1350.0,11360.159340739057,11360.159340739057,5680,2,12.125,17677.4985094867
7471,,,,1348.0,11362.159340739057,11362.159340739057,5681,2,12.067,15942.654808727191
7472,,,,1348.0,11364.159340739057,11364.159340739057,5682,2,12.014,14503.9970174701
7473,,,,1347.0,11366.159340739057,11366.159340739057,5683,2,11.965,13354.90760674737
7474,,,,1345.0,11368.159340739057,11368.159340739057,5684,2,11.913,14115.343254384587
7475,,,,1344.0,11370.159340739057,11370.159340739057,5685,2,11.858,14865.40317287887
7476,,,,1344.0,11372.159340739057,11372.159340739057,5686,2,11.806,13993.760489241322
7477,,,,1344.0,11374.159340739057,11374.159340739057,5687,2,11.759,12597.507048631931
7478,,,,1344.0,11376.159340739057,11376.159340739057,5688,2,11.71,13082.367094822306
7479,,,,1345.0,11378.159340739057,11378.159340739057,5689,2,11.665,11968.40135654035
7480,,,,1347.0,11380.159340739057,11380.159340739057,5690,2,11.625,10601.75644183228
7481,,,,1349.0,11382.159340739057,11382.159340739057,5691,2,11.583,11094.600467154578
7482,,,,1351.0,11384.159340739057,11384.159340739057,5692,2,11.541,11056.38662500045
7483,,,,1354.0,11386.159340739057,11386.159340739057,5693,2,11.498,11280.00617720562
7484,,,,1359.0,11388.159340739057,11388.159340739057,5694,2,11.457,10718.0231043329
7485,,,,1362.0,11390.159340739057,11390.159340739057,5695,2,11.414,11201.68637412812
7486,,,,1365.0,11392.159340739057,11392.159340739057,5696,2,11.369,11679.640481702589
7487,,,,1368.0,11394.159340739057,11394.159340739057,5697,2,11.325,11377.47829146434
7488,,,,1372.0,11396.159340739057,11396.159340739057,5698,2,11.281,11335.34943449654
7489,,,,1377.0,11398.159340739057,11398.159340739057,5699,2,11.247,8730.44294335794
7490,,,,1382.0,11400.159340739057,11400.159340739057,5700,2,11.225,5636.056375512
7493,,,,1402.0,11406.159340739057,11406.159340739057,5703,2,11.214,2815.3709039150845
7494,,,,1411.0,11408.159340739057,11408.159340739057,5704,2,11.183,7920.764887390662
7495,,,,1421.0,11410.159340739057,11410.159340739057,5705,2,11.145,9681.10943488089
7496,,,,1432.0,11412.159340739057,11412.159340739057,5706,2,11.115,7621.04000774538
7497,,,,1444.0,11414.159340739057,11414.159340739057,5707,2,11.107,2029.1635909594538
7498,,,,1456.0,11416.159340739057,11416.159340739057,5708,2,11.106,253.58714743569612
7499,,,,1469.0,11418.159340739057,11418.159340739057,5709,2,11.096,2535.0597368308313
7500,,,,1482.0,11420.159340739057,11420.159340739057,5710,2,11.071,6328.766802654157
7501,,,,1495.0,11422.159340739057,11422.159340739057,5711,2,11.03,10350.086887176723
7502,,,,1508.0,11424.159340739057,11424.159340739057,5712,2,10.993,9308.987662960319
7503,,,,1521.0,11426.159340739057,11426.159340739057,5713,2,10.974,4768.9704025223145
7504,,,,1534.0,11428.159340739057,11428.159340739057,5714,2,10.973,250.8138130510611
7505,,,,1546.0,11430.159340739057,11430.159340739057,5715,2,10.969,1003.2022250183206
7506,,,,1557.0,11432.159340739057,11432.159340739057,5716,2,10.952,4260.27420344166
7507,,,,1569.0,11434.159340739057,11434.159340739057,5717,2,10.917,8751.877071791821
7508,,,,1580.0,11436.159340739057,11436.159340739057,5718,2,10.874,10715.829972343743
7509,,,,1591.0,11438.159340739057,11438.159340739057,5719,2,10.844,7452.418336865408
7510,,,,1601.0,11440.159340739057,11440.159340739057,5720,2,10.836,1984.1812360575636
7511,,,,1611.0,11442.159340739057,11442.159340739057,5721,2,10.834,495.90318582779634
7512,,,,1621.0,11444.159340739057,11444.159340739057,5722,2,10.822,2974.0165761966527
7513,,,,1631.0,11446.159340739057,11446.159340739057,5723,2,10.788,8409.951114014348
7514,,,,1641.0,11448.159340739057,11448.159340739057,5724,2,10.739,12075.78178027627
7515,,,,1651.0,11450.159340739057,11450.159340739057,5725,2,10.69,12022.907761122477
7516,,,,1662.0,11452.159340739057,11452.159340739057,5726,2,10.645,10994.931879060032
7517,,,,1671.0,11454.159340739057,11454.159340739057,5727,2,10.592,12892.355041721363
7518,,,,1678.0,11456.159340739057,11456.159340739057,5728,2,10.535,13795.953868332355
7519,,,,1684.0,11458.159340739057,11458.159340739057,5729,2,10.475,14444.155664935775
7520,,,,1689.0,11460.159340739057,11460.159340739057,5730,2,10.419,13409.119878862304
7521,,,,1693.0,11462.159340739057,11462.159340739057,5731,2,10.364,13101.993166821823
7522,,,,1694.0,11464.159340739057,11464.159340739057,5732,2,10.309,13034.921132810772
7523,,,,1695.0,11466.159340739057,11466.159340739057,5733,2,10.251,13673.16569064447
7524,,,,1694.0,11468.159340739057,11468.159340739057,5734,2,10.188,14767.05565221776
7525,,,,1690.0,11470.159340739057,11470.159340739057,5735,2,10.125,14678.58084137139
7526,,,,1686.0,11472.159340739057,11472.159340739057,5736,2,10.064,14128.296920741017
7527,,,,1683.0,11474.159340739057,11474.159340739057,5737,2,10.006,13356.609922180669
7528,,,,1679.0,11476.159340739057,11476.159340739057,5738,2,9.953,12139.791206936163
7529,,,,1675.0,11478.159340739057,11478.159340739057,5739,2,9.899,12304.678638547057
7530,,,,1668.0,11480.159340739057,11480.159340739057,5740,2,9.841,13143.864032398922
7531,,,,1660.0,11482.159340739057,11482.159340739057,5741,2,9.782,13293.550351855865
7532,,,,1651.0,11484.159340739057,11484.159340739057,5742,2,9.721,13662.50913696845
7533,,,,1642.0,11486.159340739057,11486.159340739057,5743,2,9.662,13135.537363591004
7534,,,,1635.0,11488.159340739057,11488.159340739057,5744,2,9.608,11954.348846786308
7535,,,,1627.0,11490.159340739057,11490.159340739057,5745,2,9.553,12108.961872034497
7536,,,,1618.0,11492.159340739057,11492.159340739057,5746,2,9.493,13132.780008223075
7537,,,,1607.0,11494.159340739057,11494.159340739057,5747,2,9.432,13269.144896932674
7538,,,,1597.0,11496.159340739057,11496.159340739057,5748,2,9.368,13832.178918777247
7539,,,,1588.0,11498.159340739057,11498.159340739057,5749,2,9.304,13740.392397457912
7540,,,,1579.0,11500.159340739057,11500.159340739057,5750,2,9.239,13861.084552595978
7541,,,,1571.0,11502.159340739057,11502.159340739057,5751,2,9.174,13766.301896167108
7542,,,,1563.0,11504.159340739057,11504.159340739057,5752,2,9.105,14509.632472666279
7543,,,,1553.0,11506.159340739057,11506.159340739057,5753,2,9.037,14194.642507658704
7544,,,,1543.0,11508.159340739057,11508.159340739057,5754,2,8.966,14709.878875404405
7545,,,,1532.0,11510.159340739057,11510.159340739057,5755,2,8.896,14391.612630099366
7546,,,,1523.0,11512.159340739057,11512.159340739057,5756,2,8.827,14078.069999718535
7547,,,,1515.0,11514.159340739057,11514.159340739057,5757,2,8.76,13567.467861813748
7548,,,,1507.0,11516.159340739057,11516.159340739057,5758,2,8.701,11863.93583666989
7549,,,,1498.0,11518.159340739057,11518.159340739057,5759,2,8.64,12183.920468793105
7550,,,,1487.0,11520.159340739057,11520.159340739057,5760,2,8.574,13088.329510837964
7551,,,,1477.0,11522.159340739057,11522.159340739057,5761,2,8.508,12990.220706661445
7552,,,,1467.0,11524.159340739057,11524.159340739057,5762,2,8.441,13086.639436634166
7553,,,,1458.0,11526.159340739057,11526.159340739057,5763,2,8.374,12985.42874407336
7554,,,,1449.0,11528.159340739057,11528.159340739057,5764,2,8.308,12692.64177206593
7555,,,,1440.0,11530.159340739057,11530.159340739057,5765,2,8.242,12594.393047889072
7556,,,,1433.0,11532.159340739057,11532.159340739057,5766,2,8.177,12307.52407401389
7557,,,,1426.0,11534.159340739057,11534.159340739057,5767,2,8.11,12586.409163235372
7558,,,,1418.0,11536.159340739057,11536.159340739057,5768,2,8.043,12485.019982674215
7559,,,,1411.0,11538.159340739057,11538.159340739057,5769,2,7.977,12199.526634150025
7560,,,,1404.0,11540.159340739057,11540.159340739057,5770,2,7.91,12283.680266903566
7561,,,,1397.0,11542.159340739057,11542.159340739057,5771,2,7.842,12363.222387601962
7562,,,,1391.0,11544.159340739057,11544.159340739057,5772,2,7.777,11720.034608295127
7563,,,,1385.0,11546.159340739057,11546.159340739057,5773,2,7.713,11446.400524035082
7564,,,,1377.0,11548.159340739057,11548.159340739057,5774,2,7.648,11530.432916151092
7565,,,,1369.0,11550.159340739057,11550.159340739057,5775,2,7.584,11259.649733000799
7566,,,,1361.0,11552.159340739057,11552.159340739057,5776,2,7.516,11861.757211070797
7567,,,,1352.0,11554.159340739057,11554.159340739057,5777,2,7.448,11756.957945487644
7568,,,,1344.0,11556.159340739057,11556.159340739057,5778,2,7.381,11481.541219875935
7569,,,,1338.0,11558.159340739057,11558.159340739057,5779,2,7.315,11210.674838319052
7570,,,,1333.0,11560.159340739057,11560.159340739057,5780,2,7.252,10609.00099034249
7571,,,,1328.0,11562.159340739057,11562.159340739057,5781,2,7.191,10186.528308855937
7572,,,,1323.0,11564.159340739057,11564.159340739057,5782,2,7.129,10267.12322908181
7573,,,,1318.0,11566.159340739057,11566.159340739057,5783,2,7.066,10343.442806032783
7574,,,,1310.0,11568.159340739057,11568.159340739057,5784,2,7.0,10739.370132931122
7575,,,,1303.0,11570.159340739057,11570.159340739057,5785,2,6.933,10800.871016332685
7576,,,,1297.0,11572.159340739057,11572.159340739057,5786,2,6.868,10380.979119000003
7577,,,,1292.0,11574.159340739057,11574.159340739057,5787,2,6.804,10127.48201642141
7578,,,,1286.0,11576.159340739057,11576.159340739057,5788,2,6.738,10346.447086291004
7579,,,,1279.0,11578.159340739057,11578.159340739057,5789,2,6.67,10556.31730996287
7580,,,,1273.0,11580.159340739057,11580.159340739057,5790,2,6.605,9992.229991140139
7581,,,,1268.0,11582.159340739057,11582.159340739057,5791,2,6.541,9744.580268374772
7582,,,,1264.0,11584.159340739057,11584.159340739057,5792,2,6.478,9501.292738796245
7583,,,,1259.0,11586.159340739057,11586.159340739057,5793,2,6.411,10005.378518766667
7584,,,,1253.0,11588.159340739057,11588.159340739057,5794,2,6.343,10050.086127761388
7585,,,,1246.0,11590.159340739057,11590.159340739057,5795,2,6.274,10090.079787745217
7586,,,,1241.0,11592.159340739057,11592.159340739057,5796,2,6.207,9693.676629028225
7587,,,,1237.0,11594.159340739057,11594.159340739057,5797,2,6.147,8594.054669729363
7588,,,,1231.0,11596.159340739057,11596.159340739057,5798,2,6.084,8935.455368484589
7589,,,,1224.0,11598.159340739057,11598.159340739057,5799,2,6.019,9124.213962562642
7590,,,,1216.0,11600.159340739057,11600.159340739057,5800,2,5.952,9303.98900035517
7591,,,,1209.0,11602.159340739057,11602.159340739057,5801,2,5.889,8655.013631482507
7592,,,,1204.0,11604.159340739057,11604.159340739057,5802,2,5.828,8293.922034721805
7593,,,,1198.0,11606.159340739057,11606.159340739057,5803,2,5.771,7673.3310050142945
7594,,,,1192.0,11608.159340739057,11608.159340739057,5804,2,5.711,7997.093133021899
7595,,,,1184.0,11610.159340739057,11610.159340739057,5805,2,5.645,8701.767985246655
7596,,,,1177.0,11612.159340739057,11612.159340739057,5806,2,5.58,8472.52175898667
7597,,,,1170.0,11614.159340739057,11614.159340739057,5807,2,5.517,8119.586550863388
7598,,,,1165.0,11616.159340739057,11616.159340739057,5808,2,5.456,7775.311103201703
7599,,,,1159.0,11618.159340739057,11618.159340739057,5809,2,5.394,7815.535788515199
7600,,,,1151.0,11620.159340739057,11620.159340739057,5810,2,5.329,8099.192959698468
7601,,,,1143.0,11622.159340739057,11622.159340739057,5811,2,5.263,8124.726174649114
7602,,,,1137.0,11624.159340739057,11624.159340739057,5812,2,5.2,7662.28548847559
7603,,,,1130.0,11626.159340739057,11626.159340739057,5813,2,5.134,7929.552221395011
7604,,,,1122.0,11628.159340739057,11628.159340739057,5814,2,5.066,8065.29131873667
7605,,,,1113.0,11630.159340739057,11630.159340739057,5815,2,4.997,8075.3662477641365
7606,,,,1103.0,11632.159340739057,11632.159340739057,5816,2,4.929,7851.335325899916
7607,,,,1095.0,11634.159340739057,11634.159340739057,5817,2,4.864,7405.665957550788
7608,,,,1086.0,11636.159340739057,11636.159340739057,5818,2,4.797,7531.934671188981
7609,,,,1076.0,11638.159340739057,11638.159340739057,5819,2,4.728,7648.889272717221
7610,,,,1067.0,11640.159340739057,11640.159340739057,5820,2,4.658,7647.81749005231
7611,,,,1060.0,11642.159340739057,11642.159340739057,5821,2,4.59,7321.334891654581
7612,,,,1053.0,11644.159340739057,11644.159340739057,5822,2,4.524,7004.2413032787035
7613,,,,1047.0,11646.159340739057,11646.159340739057,5823,2,4.457,7007.808521624908
7614,,,,1041.0,11648.159340739057,11648.159340739057,5824,2,4.389,7006.693991916044
7615,,,,1037.0,11650.159340739057,11650.159340739057,5825,2,4.324,6598.009491830901
7616,,,,1032.0,11652.159340739057,11652.159340739057,5826,2,4.258,6599.922876506675
7617,,,,1025.0,11654.159340739057,11654.159340739057,5827,2,4.19,6694.894991518285
7618,,,,1018.0,11656.159340739057,11656.159340739057,5828,2,4.118,6972.434769805933
7619,,,,1012.0,11658.159340739057,11658.159340739057,5829,2,4.047,6758.409842216602
7620,,,,1006.0,11660.159340739057,11660.159340739057,5830,2,3.983,5992.38908839258
7621,,,,999.0,11662.159340739057,11662.159340739057,5831,2,3.915,6263.325944174687
7622,,,,993.0,11664.159340739057,11664.159340739057,5832,2,3.852,5707.5181127697915
7623,,,,987.0,11666.159340739057,11666.159340739057,5833,2,3.79,5527.472960279513
7624,,,,982.0,11668.159340739057,11668.159340739057,5834,2,3.73,5264.673494541467
7625,,,,977.0,11670.159340739057,11670.159340739057,5835,2,3.667,5438.422624537163
7626,,,,971.0,11672.159340739057,11672.159340739057,5836,2,3.605,5262.55644900296
7627,,,,964.0,11674.159340739057,11674.159340739057,5837,2,3.54,5421.771451822732
7628,,,,958.0,11676.159340739057,11676.159340739057,5838,2,3.475,5324.0367553934875
7629,,,,953.0,11678.159340739057,11678.159340739057,5839,2,3.416,4747.977565004951
7630,,,,948.0,11680.159340739057,11680.159340739057,5840,2,3.359,4510.585533409901
7631,,,,942.0,11682.159340739057,11682.159340739057,5841,2,3.301,4512.58451014067
7632,,,,935.0,11684.159340739057,11684.159340739057,5842,2,3.236,4964.657724676726
7633,,,,927.0,11686.159340739057,11686.159340739057,5843,2,3.17,4940.861424627132
7634,,,,922.0,11688.159340739057,11688.159340739057,5844,2,3.106,4694.712833438617
7635,,,,917.0,11690.159340739057,11690.159340739057,5845,2,3.046,4315.071615853604
7636,,,,914.0,11692.159340739057,11692.159340739057,5846,2,2.988,4091.9283887971173
7637,,,,909.0,11694.159340739057,11694.159340739057,5847,2,2.927,4219.428102528759
7638,,,,903.0,11696.159340739057,11696.159340739057,5848,2,2.861,4468.026437437035
7639,,,,898.0,11698.159340739057,11698.159340739057,5849,2,2.794,4432.25710181593
7640,,,,893.0,11700.159340739057,11700.159340739057,5850,2,2.729,4200.298702528615
7641,,,,887.0,11702.159340739057,11702.159340739057,5851,2,2.657,4538.003775063885
7642,,,,882.0,11704.159340739057,11704.159340739057,5852,2,2.584,4477.929434651375
7643,,,,877.0,11706.159340739057,11706.159340739057,5853,2,2.513,4236.3068853420455
7644,,,,872.0,11708.159340739057,11708.159340739057,5854,2,2.445,3947.335672774132
7645,,,,865.0,11710.159340739057,11710.159340739057,5855,2,2.377,3839.714407190977
7646,,,,859.0,11712.159340739057,11712.159340739057,5856,2,2.309,3732.056149607798
7647,,,,853.0,11714.159340739057,11714.159340739057,5857,2,2.243,3519.3083190569314
7648,,,,846.0,11716.159340739057,11716.159340739057,5858,2,2.174,3570.769030755062
7649,,,,837.0,11718.159340739057,11718.159340739057,5859,2,2.101,3656.944576261139
7650,,,,826.0,11720.159340739057,11720.159340739057,5860,2,2.029,3485.106581562169
7651,,,,815.0,11722.159340739057,11722.159340739057,5861,2,1.955,3455.8801281993187
7652,,,,803.0,11724.159340739057,11724.159340739057,5862,2,1.878,3460.280111985074
7653,,,,791.0,11726.159340739057,11726.159340739057,5863,2,1.802,3279.5722444178928
7654,,,,781.0,11728.159340739057,11728.159340739057,5864,2,1.726,3144.6479077136846
7655,,,,771.0,11730.159340739057,11730.159340739057,5865,2,1.653,2893.4432141020793
7656,,,,763.0,11732.159340739057,11732.159340739057,5866,2,1.582,2694.7010181776486
7657,,,,755.0,11734.159340739057,11734.159340739057,5867,2,1.51,2612.3054890726944
7658,,,,749.0,11736.159340739057,11736.159340739057,5868,2,1.441,2389.7050288019445
7659,,,,742.0,11738.159340739057,11738.159340739057,5869,2,1.372,2278.3415135594273
7660,,,,735.0,11740.159340739057,11740.159340739057,5870,2,1.299,2289.131488735329
7661,,,,728.0,11742.159340739057,11742.159340739057,5871,2,1.224,2221.9101012513465
7662,,,,721.0,11744.159340739057,11744.159340739057,5872,2,1.148,2117.143092673713
7663,,,,714.0,11746.159340739057,11746.159340739057,5873,2,1.069,2057.2575854150596
7664,,,,707.0,11748.159340739057,11748.159340739057,5874,2,0.992,1864.397642897265
7665,,,,701.0,11750.159340739057,11750.159340739057,5875,2,0.917,1682.3290636103136
7666,,,,693.0,11752.159340739057,11752.159340739057,5876,2,0.841,1570.1825051974654
7667,,,,686.0,11754.159340739057,11754.159340739057,5877,2,0.765,1434.6656724932454
7668,,,,678.0,11756.159340739057,11756.159340739057,5878,2,0.692,1250.3968636403479
7669,,,,670.0,11758.159340739057,11758.159340739057,5879,2,0.619,1125.2911233867492
7670,,,,661.0,11760.159340739057,11760.159340739057,5880,2,0.542,1051.322964584049
7671,,,,650.0,11762.159340739057,11762.159340739057,5881,2,0.467,890.1014081104283
7672,,,,639.0,11764.159340739057,11764.159340739057,5882,2,0.392,757.905965527114
7673,,,,629.0,11766.159340739057,11766.159340739057,5883,2,0.318,618.1940117624301
7674,,,,619.0,11768.159340739057,11768.159340739057,5884,2,0.247,472.07971195374733
7675,,,,609.0,11770.159340739057,11770.159340739057,5885,2,0.177,349.33832923313525
7676,,,,598.0,11772.159340739057,11772.159340739057,5886,2,0.109,228.94495485869314
7677,,,,587.0,11774.159340739057,11774.159340739057,5887,2,3.7e-2,123.76996298984898
0,,,,581.28,11775.30248031306,11775.30248031306,7677,3,0.0,16.12038909554858
