fixIdx,time,lat,lng,alt,tickLead,tickRace,zoneIdx,legIdx,togo,area
1,,,,1588.0,-1660.113283652395,-1660.113283652395,1,1,149.509,0.0
2,,,,1570.0,-1640.113283652395,-1640.113283652395,2,1,149.204,0.0
3,,,,1533.0,-1620.113283652395,-1620.113283652395,3,1,148.884,0.0
4,,,,1533.0,-1600.113283652395,-1600.113283652395,4,1,148.559,0.0
5,,,,1506.0,-1580.113283652395,-1580.113283652395,5,1,148.497,0.0
6,,,,1539.0,-1560.113283652395,-1560.113283652395,6,1,148.326,0.0
7,,,,1570.0,-1540.113283652395,-1540.113283652395,7,1,148.237,0.0
8,,,,1589.0,-1520.113283652395,-1520.113283652395,8,1,148.203,0.0
10,,,,1599.0,-1480.113283652395,-1480.113283652395,10,1,148.066,0.0
13,,,,1586.0,-1420.113283652395,-1420.113283652395,13,1,148.017,0.0
23,,,,1627.0,-1220.113283652395,-1220.113283652395,23,1,147.947,0.0
25,,,,1650.0,-1180.113283652395,-1180.113283652395,25,1,147.893,0.0
26,,,,1645.0,-1160.113283652395,-1160.113283652395,26,1,147.826,0.0
27,,,,1660.0,-1140.113283652395,-1140.113283652395,27,1,147.779,0.0
28,,,,1665.0,-1120.113283652395,-1120.113283652395,28,1,147.636,0.0
30,,,,1660.0,-1080.113283652395,-1080.113283652395,30,1,147.591,0.0
31,,,,1642.0,-1060.113283652395,-1060.113283652395,31,1,147.556,0.0
33,,,,1635.0,-1020.113283652395,-1020.113283652395,33,1,147.537,0.0
34,,,,1641.0,-1000.113283652395,-1000.113283652395,34,1,147.488,0.0
35,,,,1662.0,-980.113283652395,-980.113283652395,35,1,147.385,0.0
62,,,,1575.0,-440.113283652395,-440.113283652395,62,1,147.329,0.0
63,,,,1556.0,-420.113283652395,-420.113283652395,63,1,147.099,0.0
64,,,,1521.0,-400.113283652395,-400.113283652395,64,1,146.825,0.0
65,,,,1522.0,-380.113283652395,-380.113283652395,65,1,146.808,0.0
71,,,,1444.0,-260.113283652395,-260.113283652395,71,1,146.743,0.0
72,,,,1472.0,-240.113283652395,-240.113283652395,72,1,146.659,0.0
74,,,,1517.0,-200.113283652395,-200.113283652395,74,1,146.568,0.0
75,,,,1540.0,-180.113283652395,-180.113283652395,75,1,146.535,0.0
76,,,,1549.0,-160.113283652395,-160.113283652395,76,1,146.386,0.0
77,,,,1540.0,-140.113283652395,-140.113283652395,77,1,146.31,0.0
78,,,,1559.0,-120.113283652395,-120.113283652395,78,1,146.25,0.0
79,,,,1564.0,-100.113283652395,-100.113283652395,79,1,146.105,0.0
82,,,,1533.0,-40.113283652395,-40.113283652395,82,1,146.026,0.0
83,,,,1549.0,-20.113283652395,-20.113283652395,83,1,145.889,0.0
84,,,,1570.0,-0.113283652395,-0.113283652395,84,1,145.871,0.0
85,,,,1591.0,19.886716347605,19.886716347605,85,1,145.715,0.0
86,,,,1614.0,39.886716347605,39.886716347605,86,1,145.602,0.0
87,,,,1658.0,59.886716347605,59.886716347605,87,1,145.514,0.0
88,,,,1703.0,79.886716347605,79.886716347605,88,1,145.473,0.0
89,,,,1742.0,99.886716347605,99.886716347605,89,1,145.41,0.0
90,,,,1754.0,119.886716347605,119.886716347605,90,1,145.365,0.0
91,,,,1777.0,139.886716347605,139.886716347605,91,1,145.364,0.0
92,,,,1796.0,159.886716347605,159.886716347605,92,1,145.3,0.0
93,,,,1786.0,179.886716347605,179.886716347605,93,1,145.114,0.0
94,,,,1784.0,199.886716347605,199.886716347605,94,1,144.848,0.0
95,,,,1761.0,219.886716347605,219.886716347605,1,2,144.514,21251.371245269278
96,,,,1756.0,239.886716347605,239.886716347605,2,2,144.259,17664.565718662623
99,,,,1836.0,299.886716347605,299.886716347605,5,2,144.142,10119.052579118932
101,,,,1866.0,339.886716347605,339.886716347605,7,2,144.09,5094.243857367015
103,,,,1879.0,379.886716347605,379.886716347605,9,2,144.005,9302.694401424747
104,,,,1848.0,399.886716347605,399.886716347605,10,2,143.809,22558.227094258204
105,,,,1861.0,419.886716347605,419.886716347605,11,2,143.525,34263.95525042547
106,,,,1856.0,439.886716347605,439.886716347605,12,2,143.292,29396.908279182866
107,,,,1824.0,459.886716347605,459.886716347605,13,2,142.958,43968.61923320407
108,,,,1804.0,479.886716347605,479.886716347605,14,2,142.634,44404.78549882873
109,,,,1794.0,499.886716347605,499.886716347605,15,2,142.323,44300.77411840921
110,,,,1733.0,519.886716347605,519.886716347605,16,2,141.927,58520.00845223768
112,,,,1754.0,559.886716347605,559.886716347605,18,2,141.665,41600.20113956197
113,,,,1797.0,579.886716347605,579.886716347605,19,2,141.622,7063.797833196828
114,,,,1848.0,599.886716347605,599.886716347605,20,2,141.521,17155.226177212477
115,,,,1896.0,619.886716347605,619.886716347605,21,2,141.445,13330.921707928088
117,,,,1976.0,659.886716347605,659.886716347605,23,2,141.43,2799.981823299885
118,,,,1986.0,679.886716347605,679.886716347605,24,2,141.213,41699.85299359653
119,,,,1982.0,699.886716347605,699.886716347605,25,2,140.805,80531.30600413233
120,,,,1949.0,719.886716347605,719.886716347605,26,2,140.452,71473.0318974635
121,,,,1905.0,739.886716347605,739.886716347605,27,2,140.133,66224.75546373687
122,,,,1880.0,759.886716347605,759.886716347605,28,2,139.783,74446.5575326095
123,,,,1889.0,779.886716347605,779.886716347605,29,2,139.574,45534.164004506536
124,,,,1869.0,799.886716347605,799.886716347605,30,2,139.545,6474.643831032121
125,,,,1856.0,819.886716347605,819.886716347605,31,2,139.239,69942.81728905287
126,,,,1829.0,839.886716347605,839.886716347605,32,2,138.985,59353.86700934822
127,,,,1807.0,859.886716347605,859.886716347605,33,2,138.674,74252.89387582755
128,,,,1811.0,879.886716347605,879.886716347605,34,2,138.363,75809.72580964386
129,,,,1788.0,899.886716347605,899.886716347605,35,2,137.91,112622.32446183308
130,,,,1734.0,919.886716347605,919.886716347605,36,2,137.483,108172.06477687262
131,,,,1679.0,939.886716347605,939.886716347605,37,2,136.962,134390.4963412415
132,,,,1642.0,959.886716347605,959.886716347605,38,2,136.443,136205.23256747978
133,,,,1598.0,979.886716347605,979.886716347605,39,2,136.006,116665.5211642196
134,,,,1558.0,999.886716347605,999.886716347605,40,2,135.503,136553.5559618213
135,,,,1532.0,1019.886716347605,1019.886716347605,41,2,135.097,112048.42625012052
136,,,,1489.0,1039.886716347605,1039.886716347605,42,2,134.672,119224.90982251344
137,,,,1440.0,1059.886716347605,1059.886716347605,43,2,134.282,111173.70104433208
138,,,,1412.0,1079.886716347605,1079.886716347605,44,2,133.888,114099.72896483885
139,,,,1399.0,1099.886716347605,1099.886716347605,45,2,133.538,102948.40675208945
140,,,,1434.0,1119.886716347605,1119.886716347605,46,2,133.285,75599.31792895659
141,,,,1502.0,1139.886716347605,1139.886716347605,47,2,133.184,30678.191815261147
142,,,,1567.0,1159.886716347605,1159.886716347605,48,2,133.038,45082.95476432171
143,,,,1627.0,1179.886716347605,1179.886716347605,49,2,132.876,50827.240199120766
144,,,,1682.0,1199.886716347605,1199.886716347605,50,2,132.769,34105.598023764855
145,,,,1736.0,1219.886716347605,1219.886716347605,51,2,132.693,24611.351129623028
146,,,,1777.0,1239.886716347605,1239.886716347605,52,2,132.656,12173.099910958485
147,,,,1843.0,1259.886716347605,1259.886716347605,53,2,132.605,17044.139323524578
148,,,,1894.0,1279.886716347605,1279.886716347605,54,2,132.528,26129.195766934376
149,,,,1926.0,1299.886716347605,1299.886716347605,55,2,132.432,33064.12649889354
150,,,,1956.0,1319.886716347605,1319.886716347605,56,2,132.284,51710.47953669019
151,,,,1988.0,1339.886716347605,1339.886716347605,57,2,132.239,15949.388424074355
152,,,,2007.0,1359.886716347605,1359.886716347605,58,2,132.15,31998.978925309508
153,,,,2055.0,1379.886716347605,1379.886716347605,59,2,132.131,6928.878984380157
154,,,,2070.0,1399.886716347605,1399.886716347605,60,2,131.924,76516.94698522719
155,,,,2111.0,1419.886716347605,1419.886716347605,61,2,131.898,9739.531185290622
156,,,,2103.0,1439.886716347605,1439.886716347605,62,2,131.889,3418.410575201403
157,,,,2132.0,1459.886716347605,1459.886716347605,63,2,131.645,93874.06776105166
158,,,,2092.0,1479.886716347605,1479.886716347605,64,2,131.247,154842.05069635223
159,,,,2069.0,1499.886716347605,1499.886716347605,65,2,130.916,130154.0992031109
160,,,,2044.0,1519.886716347605,1519.886716347605,66,2,130.607,122822.96811928578
161,,,,2015.0,1539.886716347605,1539.886716347605,67,2,130.226,153029.89658822122
162,,,,1987.0,1559.886716347605,1559.886716347605,68,2,129.858,149298.18023831255
163,,,,1977.0,1579.886716347605,1579.886716347605,69,2,129.432,174510.40016644084
164,,,,1966.0,1599.886716347605,1599.886716347605,70,2,129.05,157973.01275810564
165,,,,1932.0,1619.886716347605,1619.886716347605,71,2,128.666,160308.758396258
166,,,,1887.0,1639.886716347605,1639.886716347605,72,2,128.269,167273.6845055108
167,,,,1853.0,1659.886716347605,1659.886716347605,73,2,127.864,172186.46454889624
168,,,,1804.0,1679.886716347605,1679.886716347605,74,2,127.423,189124.27890889897
169,,,,1767.0,1699.886716347605,1699.886716347605,75,2,126.999,183375.15713415717
170,,,,1733.0,1719.886716347605,1719.886716347605,76,2,126.601,173592.98196376784
171,,,,1692.0,1739.886716347605,1739.886716347605,77,2,126.213,170668.67547900323
172,,,,1654.0,1759.886716347605,1759.886716347605,78,2,125.738,210617.4785834828
173,,,,1628.0,1779.886716347605,1779.886716347605,79,2,125.308,192138.37945464306
174,,,,1593.0,1799.886716347605,1799.886716347605,80,2,124.862,200823.8362835969
175,,,,1583.0,1819.886716347605,1819.886716347605,81,2,124.471,177419.30552701105
176,,,,1586.0,1839.886716347605,1839.886716347605,82,2,124.116,162367.03130063106
177,,,,1592.0,1859.886716347605,1859.886716347605,83,2,123.742,172409.43785093908
183,,,,1815.0,1979.886716347605,1979.886716347605,89,2,123.707,17147.234582577737
184,,,,1831.0,1999.886716347605,1999.886716347605,90,2,123.386,158624.72069719466
185,,,,1820.0,2019.886716347605,2019.886716347605,91,2,123.005,189616.80692041674
186,,,,1804.0,2039.886716347605,2039.886716347605,92,2,122.673,166383.555848014
187,,,,1763.0,2059.886716347605,2059.886716347605,93,2,122.367,154454.92013798674
188,,,,1729.0,2079.886716347605,2079.886716347605,94,2,122.044,164196.14309004656
189,,,,1690.0,2099.886716347605,2099.886716347605,95,2,121.689,181693.1496076226
190,,,,1681.0,2119.886716347605,2119.886716347605,96,2,121.316,192148.36567175164
191,,,,1643.0,2139.886716347605,2139.886716347605,97,2,120.899,216136.3796370572
192,,,,1629.0,2159.886716347605,2159.886716347605,98,2,120.563,175234.270277715
193,,,,1601.0,2179.886716347605,2179.886716347605,99,2,120.174,204139.18210058007
194,,,,1580.0,2199.886716347605,2199.886716347605,100,2,119.834,179516.73974583487
195,,,,1593.0,2219.886716347605,2219.886716347605,101,2,119.48,188062.4892511474
196,,,,1629.0,2239.886716347605,2239.886716347605,102,2,119.444,19265.8569773996
198,,,,1675.0,2279.886716347605,2279.886716347605,104,2,119.302,77292.56442531757
201,,,,1652.0,2339.886716347605,2339.886716347605,107,2,118.995,171179.5113475652
202,,,,1619.0,2359.886716347605,2359.886716347605,108,2,118.6,221475.4273263964
203,,,,1643.0,2379.886716347605,2379.886716347605,109,2,118.293,173080.00069598333
204,,,,1688.0,2399.886716347605,2399.886716347605,110,2,118.178,65262.91534567014
205,,,,1732.0,2419.886716347605,2419.886716347605,111,2,118.094,48027.12383657185
206,,,,1769.0,2439.886716347605,2439.886716347605,112,2,117.997,55875.423590671235
207,,,,1805.0,2459.886716347605,2459.886716347605,113,2,117.952,26118.35148759854
208,,,,1832.0,2479.886716347605,2479.886716347605,114,2,117.874,45616.09765201418
209,,,,1862.0,2499.886716347605,2499.886716347605,115,2,117.679,114826.88406068234
211,,,,1899.0,2539.886716347605,2539.886716347605,117,2,117.363,188645.69693247403
212,,,,1895.0,2559.886716347605,2559.886716347605,118,2,117.258,63063.334034002495
216,,,,1881.0,2639.886716347605,2639.886716347605,122,2,116.986,168198.7137236776
217,,,,1918.0,2659.886716347605,2659.886716347605,123,2,116.924,38574.79431289235
218,,,,1946.0,2679.886716347605,2679.886716347605,124,2,116.875,30701.186885376464
219,,,,1982.0,2699.886716347605,2699.886716347605,125,2,116.729,92082.83312690773
222,,,,2044.0,2759.886716347605,2759.886716347605,128,2,116.554,112671.0642486989
224,,,,2058.0,2799.886716347605,2799.886716347605,130,2,116.484,45673.600042299746
225,,,,2035.0,2819.886716347605,2819.886716347605,131,2,116.228,167992.69824887923
226,,,,2037.0,2839.886716347605,2839.886716347605,132,2,115.857,244524.28527706786
227,,,,2017.0,2859.886716347605,2859.886716347605,133,2,115.493,240835.06422503758
228,,,,1990.0,2879.886716347605,2879.886716347605,134,2,115.115,251039.21820395874
229,,,,1962.0,2899.886716347605,2899.886716347605,135,2,114.729,257277.32309882593
230,,,,1918.0,2919.886716347605,2919.886716347605,136,2,114.328,268197.0171261573
231,,,,1886.0,2939.886716347605,2939.886716347605,137,2,113.868,308600.37899688806
232,,,,1848.0,2959.886716347605,2959.886716347605,138,2,113.432,293333.06127284863
233,,,,1804.0,2979.886716347605,2979.886716347605,139,2,113.031,270608.4682631328
234,,,,1772.0,2999.886716347605,2999.886716347605,140,2,112.645,261322.9397550131
235,,,,1759.0,3019.886716347605,3019.886716347605,141,2,112.285,244534.72287890367
236,,,,1729.0,3039.886716347605,3039.886716347605,142,2,111.905,258974.63711642535
237,,,,1695.0,3059.886716347605,3059.886716347605,143,2,111.514,267302.0006393529
238,,,,1668.0,3079.886716347605,3079.886716347605,144,2,111.116,272898.72150486335
239,,,,1624.0,3099.886716347605,3099.886716347605,145,2,110.731,264764.7188192069
240,,,,1578.0,3119.886716347605,3119.886716347605,146,2,110.37,249021.43630648614
241,,,,1538.0,3139.886716347605,3139.886716347605,147,2,109.996,258779.679274368
242,,,,1517.0,3159.886716347605,3159.886716347605,148,2,109.607,269935.1143997594
243,,,,1497.0,3179.886716347605,3179.886716347605,149,2,109.259,242197.24194892627
244,,,,1456.0,3199.886716347605,3199.886716347605,150,2,108.851,284754.33501465194
245,,,,1407.0,3219.886716347605,3219.886716347605,151,2,108.463,271493.8672080327
246,,,,1378.0,3239.886716347605,3239.886716347605,152,2,108.087,263800.64812782116
247,,,,1347.0,3259.886716347605,3259.886716347605,153,2,107.752,235709.5808048721
248,,,,1313.0,3279.886716347605,3279.886716347605,154,2,107.434,224439.85353618275
249,,,,1260.0,3299.886716347605,3299.886716347605,155,2,107.022,291564.3683241036
250,,,,1189.0,3319.886716347605,3319.886716347605,156,2,106.672,248303.95518712085
251,,,,1145.0,3339.886716347605,3339.886716347605,157,2,106.242,305776.7153395014
252,,,,1116.0,3359.886716347605,3359.886716347605,158,2,105.821,299965.7234828388
253,,,,1077.0,3379.886716347605,3379.886716347605,159,2,105.405,296990.6998436493
254,,,,1045.0,3399.886716347605,3399.886716347605,160,2,105.022,274008.90946931293
255,,,,1055.0,3419.886716347605,3419.886716347605,161,2,104.728,210892.44419365757
256,,,,1092.0,3439.886716347605,3439.886716347605,162,2,104.62,77774.40766373806
257,,,,1132.0,3459.886716347605,3459.886716347605,163,2,104.558,44871.395380232156
258,,,,1173.0,3479.886716347605,3479.886716347605,164,2,104.502,40740.286547507734
259,,,,1209.0,3499.886716347605,3499.886716347605,165,2,104.353,108914.35718127474
260,,,,1224.0,3519.886716347605,3519.886716347605,166,2,104.207,107179.70573997323
261,,,,1272.0,3539.886716347605,3539.886716347605,167,2,104.187,14753.823047327922
262,,,,1319.0,3559.886716347605,3559.886716347605,168,2,104.137,37080.49201481782
263,,,,1362.0,3579.886716347605,3579.886716347605,169,2,103.914,166090.17950269158
264,,,,1376.0,3599.886716347605,3599.886716347605,170,2,103.829,63567.357619712995
266,,,,1384.0,3639.886716347605,3639.886716347605,172,2,103.518,234717.79279307244
267,,,,1404.0,3659.886716347605,3659.886716347605,173,2,103.355,123412.47438136695
269,,,,1389.0,3699.886716347605,3699.886716347605,175,2,103.226,98598.09240972853
270,,,,1395.0,3719.886716347605,3719.886716347605,176,2,103.09,104376.21209671294
271,,,,1398.0,3739.886716347605,3739.886716347605,177,2,102.961,99408.35431493189
272,,,,1399.0,3759.886716347605,3759.886716347605,178,2,102.79,132285.6772535594
273,,,,1397.0,3779.886716347605,3779.886716347605,179,2,102.623,129665.12430087471
274,,,,1381.0,3799.886716347605,3799.886716347605,180,2,102.265,278721.32585497526
275,,,,1434.0,3819.886716347605,3819.886716347605,181,2,102.098,130367.46600516317
276,,,,1501.0,3839.886716347605,3839.886716347605,182,2,101.921,138663.54309290054
277,,,,1574.0,3859.886716347605,3859.886716347605,183,2,101.813,84930.13730898642
278,,,,1643.0,3879.886716347605,3879.886716347605,184,2,101.65,128674.38272781935
279,,,,1678.0,3899.886716347605,3899.886716347605,185,2,101.612,30122.553402062036
280,,,,1723.0,3919.886716347605,3919.886716347605,186,2,101.54,57335.96348635116
281,,,,1752.0,3939.886716347605,3939.886716347605,187,2,101.409,104747.08506468014
282,,,,1769.0,3959.886716347605,3959.886716347605,188,2,101.397,9637.065424747474
283,,,,1797.0,3979.886716347605,3979.886716347605,189,2,101.231,133868.4566029826
284,,,,1830.0,3999.886716347605,3999.886716347605,190,2,101.202,23481.5629618585
285,,,,1871.0,4019.886716347605,4019.886716347605,191,2,101.031,139015.09130251213
286,,,,1913.0,4039.886716347605,4039.886716347605,192,2,100.991,32645.83976840414
287,,,,1957.0,4059.886716347605,4059.886716347605,193,2,100.913,63937.17467104328
288,,,,2011.0,4079.886716347605,4079.886716347605,194,2,100.798,94640.17338573285
289,,,,2038.0,4099.886716347605,4099.886716347605,195,2,100.759,32228.073808589317
290,,,,2073.0,4119.886716347605,4119.886716347605,196,2,100.758,830.2272114221845
291,,,,2102.0,4139.886716347605,4139.886716347605,197,2,100.61,123378.82482802449
292,,,,2098.0,4159.886716347605,4159.886716347605,198,2,100.553,47698.4716166779
293,,,,2116.0,4179.886716347605,4179.886716347605,199,2,100.313,201503.31003980644
294,,,,2094.0,4199.886716347605,4199.886716347605,200,2,100.058,214591.5528165241
295,,,,2036.0,4219.886716347605,4219.886716347605,201,2,99.848,177151.94152282542
296,,,,2024.0,4239.886716347605,4239.886716347605,202,2,99.742,89701.33290987214
297,,,,1997.0,4259.886716347605,4259.886716347605,203,2,99.6,120582.75596905193
298,,,,1977.0,4279.886716347605,4279.886716347605,204,2,99.345,217122.82600985857
299,,,,1967.0,4299.886716347605,4299.886716347605,205,2,99.066,238027.40569434816
300,,,,1948.0,4319.886716347605,4319.886716347605,206,2,98.667,340819.4798733416
301,,,,1946.0,4339.886716347605,4339.886716347605,207,2,98.283,328220.42449331004
302,,,,1931.0,4359.886716347605,4359.886716347605,208,2,97.926,305395.2975438409
303,,,,1898.0,4379.886716347605,4379.886716347605,209,2,97.55,321917.18864755554
304,,,,1860.0,4399.886716347605,4399.886716347605,210,2,97.193,305894.4285521998
305,,,,1821.0,4419.886716347605,4419.886716347605,211,2,96.88,268485.35118164314
306,,,,1790.0,4439.886716347605,4439.886716347605,212,2,96.553,280834.3385554665
307,,,,1762.0,4459.886716347605,4459.886716347605,213,2,96.275,239077.5079356783
308,,,,1752.0,4479.886716347605,4479.886716347605,214,2,95.957,273854.47147571505
309,,,,1718.0,4499.886716347605,4499.886716347605,215,2,95.633,279331.18789915054
310,,,,1683.0,4519.886716347605,4519.886716347605,216,2,95.288,297714.7456612704
311,,,,1639.0,4539.886716347605,4539.886716347605,217,2,94.972,272947.7955421275
312,,,,1589.0,4559.886716347605,4559.886716347605,218,2,94.636,290502.57617244625
313,,,,1546.0,4579.886716347605,4579.886716347605,219,2,94.281,307152.5528712365
314,,,,1505.0,4599.886716347605,4599.886716347605,220,2,93.904,326342.3900068928
315,,,,1494.0,4619.886716347605,4619.886716347605,221,2,93.524,329040.5284392037
316,,,,1497.0,4639.886716347605,4639.886716347605,222,2,93.423,87608.70309806382
317,,,,1499.0,4659.886716347605,4659.886716347605,223,2,93.052,322381.33128486696
318,,,,1471.0,4679.886716347605,4679.886716347605,224,2,92.648,351098.2051432123
319,,,,1425.0,4699.886716347605,4699.886716347605,225,2,92.229,364069.50075598154
320,,,,1408.0,4719.886716347605,4719.886716347605,226,2,91.837,340558.1019858419
321,,,,1362.0,4739.886716347605,4739.886716347605,227,2,91.471,318002.45043729007
322,,,,1334.0,4759.886716347605,4759.886716347605,228,2,91.047,368356.3615664026
323,,,,1269.0,4779.886716347605,4779.886716347605,229,2,90.599,388974.7915099935
324,,,,1210.0,4799.886716347605,4799.886716347605,230,2,90.161,380020.8550069851
325,,,,1151.0,4819.886716347605,4819.886716347605,231,2,89.646,446324.42596525216
326,,,,1134.0,4839.886716347605,4839.886716347605,232,2,89.127,449060.11426170054
327,,,,1138.0,4859.886716347605,4859.886716347605,233,2,88.718,353501.3802051484
328,,,,1190.0,4879.886716347605,4879.886716347605,234,2,88.626,79618.51394380229
329,,,,1234.0,4899.886716347605,4899.886716347605,235,2,88.491,117160.18679781519
331,,,,1281.0,4939.886716347605,4939.886716347605,237,2,88.264,198204.97657640412
332,,,,1349.0,4959.886716347605,4959.886716347605,238,2,88.058,180154.6519935578
333,,,,1406.0,4979.886716347605,4979.886716347605,239,2,87.969,78016.91219265954
334,,,,1491.0,4999.886716347605,4999.886716347605,240,2,87.93,34299.52786722307
335,,,,1578.0,5019.886716347605,5019.886716347605,241,2,87.863,59124.88335030836
336,,,,1650.0,5039.886716347605,5039.886716347605,242,2,87.74,108857.36492725111
337,,,,1735.0,5059.886716347605,5059.886716347605,243,2,87.688,46157.58195751558
338,,,,1799.0,5079.886716347605,5079.886716347605,244,2,87.639,43641.42361754263
339,,,,1864.0,5099.886716347605,5099.886716347605,245,2,87.532,95588.6913908573
340,,,,1928.0,5119.886716347605,5119.886716347605,246,2,87.431,90474.86469478412
341,,,,1985.0,5139.886716347605,5139.886716347605,247,2,87.371,53907.74866746169
342,,,,2039.0,5159.886716347605,5159.886716347605,248,2,87.075,266435.99304350547
343,,,,2074.0,5179.886716347605,5179.886716347605,249,2,87.061,12628.0665453269
344,,,,2114.0,5199.886716347605,5199.886716347605,250,2,87.057,3621.5755011124756
345,,,,2144.0,5219.886716347605,5219.886716347605,251,2,87.024,29986.542282461884
346,,,,2176.0,5239.886716347605,5239.886716347605,252,2,86.907,106631.31216594751
348,,,,2198.0,5279.886716347605,5279.886716347605,254,2,86.586,294043.50693145185
349,,,,2191.0,5299.886716347605,5299.886716347605,255,2,86.187,365355.2537297672
350,,,,2167.0,5319.886716347605,5319.886716347605,256,2,85.777,375079.8897088967
351,,,,2113.0,5339.886716347605,5339.886716347605,257,2,85.317,420266.38580952474
352,,,,2082.0,5359.886716347605,5359.886716347605,258,2,84.868,409565.3720489043
353,,,,2050.0,5379.886716347605,5379.886716347605,259,2,84.392,433445.4217898811
354,,,,2038.0,5399.886716347605,5399.886716347605,260,2,83.989,366423.04504967877
355,,,,2016.0,5419.886716347605,5419.886716347605,261,2,83.636,320703.5043222097
356,,,,2018.0,5439.886716347605,5439.886716347605,262,2,83.225,373066.7292617336
357,,,,2021.0,5459.886716347605,5459.886716347605,263,2,82.876,316505.5325717372
358,,,,1999.0,5479.886716347605,5479.886716347605,264,2,82.482,357020.384410877
359,,,,1976.0,5499.886716347605,5499.886716347605,265,2,82.075,368353.2573614761
360,,,,1944.0,5519.886716347605,5519.886716347605,266,2,81.658,376879.43409047
361,,,,1880.0,5539.886716347605,5539.886716347605,267,2,81.233,383519.017022843
362,,,,1803.0,5559.886716347605,5559.886716347605,268,2,80.833,360427.4402286415
363,,,,1767.0,5579.886716347605,5579.886716347605,269,2,80.434,359040.7848430073
364,,,,1738.0,5599.886716347605,5599.886716347605,270,2,80.109,292182.34925834544
365,,,,1677.0,5619.886716347605,5619.886716347605,271,2,79.666,397777.4082462643
366,,,,1669.0,5639.886716347605,5639.886716347605,272,2,79.301,327242.89314773027
367,,,,1669.0,5659.886716347605,5659.886716347605,273,2,78.926,335830.0858003247
368,,,,1682.0,5679.886716347605,5679.886716347605,274,2,78.617,276501.35542264493
369,,,,1713.0,5699.886716347605,5699.886716347605,275,2,78.579,34047.97690600295
370,,,,1762.0,5719.886716347605,5719.886716347605,276,2,78.526,47627.00853630244
371,,,,1789.0,5739.886716347605,5739.886716347605,277,2,78.444,73881.18146493111
372,,,,1812.0,5759.886716347605,5759.886716347605,278,2,78.301,129105.18239960908
374,,,,1824.0,5799.886716347605,5799.886716347605,280,2,78.111,172362.65740469666
375,,,,1864.0,5819.886716347605,5819.886716347605,281,2,78.033,70881.75053211837
376,,,,1902.0,5839.886716347605,5839.886716347605,282,2,77.986,42823.26442309565
377,,,,1934.0,5859.886716347605,5859.886716347605,283,2,77.884,93164.81533266786
378,,,,1959.0,5879.886716347605,5879.886716347605,284,2,77.78,95189.81532460677
379,,,,1975.0,5899.886716347605,5899.886716347605,285,2,77.719,55963.015554831974
380,,,,1988.0,5919.886716347605,5919.886716347605,286,2,77.473,226004.8885837162
381,,,,1981.0,5939.886716347605,5939.886716347605,287,2,77.156,291157.7615506837
382,,,,1959.0,5959.886716347605,5959.886716347605,288,2,76.896,238714.44179096783
383,,,,1918.0,5979.886716347605,5979.886716347605,289,2,76.536,330302.15231855196
384,,,,1907.0,5999.886716347605,5999.886716347605,290,2,76.269,244788.98814762564
385,,,,1884.0,6019.886716347605,6019.886716347605,291,2,75.98,264874.7807437141
386,,,,1868.0,6039.886716347605,6039.886716347605,292,2,75.725,233651.65864740478
387,,,,1879.0,6059.886716347605,6059.886716347605,293,2,75.439,261986.50065873246
388,,,,1825.0,6079.886716347605,6079.886716347605,1,3,75.095,314839.0054337772
389,,,,1812.0,6099.886716347605,6099.886716347605,2,3,74.658,399189.1585843075
390,,,,1771.0,6119.886716347605,6119.886716347605,3,3,74.237,383623.8442374787
391,,,,1698.0,6139.886716347605,6139.886716347605,4,3,73.755,437971.28339419386
392,,,,1641.0,6159.886716347605,6159.886716347605,5,3,73.266,442854.3927078961
393,,,,1605.0,6179.886716347605,6179.886716347605,6,3,72.795,425143.6442616101
394,,,,1552.0,6199.886716347605,6199.886716347605,7,3,72.329,419284.59967763245
395,,,,1514.0,6219.886716347605,6219.886716347605,8,3,71.921,366065.2128039103
396,,,,1478.0,6239.886716347605,6239.886716347605,9,3,71.473,400853.51748017565
397,,,,1443.0,6259.886716347605,6259.886716347605,10,3,71.009,413851.4271110475
398,,,,1407.0,6279.886716347605,6279.886716347605,11,3,70.587,375245.2862639146
399,,,,1362.0,6299.886716347605,6299.886716347605,12,3,70.173,367123.6304359401
400,,,,1275.0,6319.886716347605,6319.886716347605,13,3,69.767,359068.4085167929
401,,,,1193.0,6339.886716347605,6339.886716347605,14,3,69.352,366029.4605379914
402,,,,1104.0,6359.886716347605,6359.886716347605,15,3,68.904,393923.0390392054
403,,,,1029.0,6379.886716347605,6379.886716347605,16,3,68.472,378623.5131794283
404,,,,1017.0,6399.886716347605,6399.886716347605,17,3,68.076,346061.12561215844
405,,,,1049.0,6419.886716347605,6419.886716347605,18,3,67.939,119628.52216619106
406,,,,1103.0,6439.886716347605,6439.886716347605,19,3,67.773,145079.0044041256
407,,,,1142.0,6459.886716347605,6459.886716347605,20,3,67.654,104106.32632184184
408,,,,1206.0,6479.886716347605,6479.886716347605,21,3,67.572,71852.43121058977
409,,,,1255.0,6499.886716347605,6499.886716347605,22,3,67.557,13174.847881400532
410,,,,1331.0,6519.886716347605,6519.886716347605,23,3,67.512,39628.55605006746
411,,,,1381.0,6539.886716347605,6539.886716347605,24,3,67.447,57370.07713784916
412,,,,1463.0,6559.886716347605,6559.886716347605,25,3,67.419,24771.75909283934
413,,,,1542.0,6579.886716347605,6579.886716347605,26,3,67.307,99285.96358761987
414,,,,1618.0,6599.886716347605,6599.886716347605,27,3,67.253,47956.36085379544
416,,,,1762.0,6639.886716347605,6639.886716347605,29,3,67.198,49100.66748948694
417,,,,1835.0,6659.886716347605,6659.886716347605,30,3,67.119,70668.34432228745
419,,,,1998.0,6699.886716347605,6699.886716347605,32,3,67.053,59329.85523338445
424,,,,2258.0,6799.886716347605,6799.886716347605,37,3,66.988,59245.13499748463
425,,,,2284.0,6819.886716347605,6819.886716347605,38,3,66.682,278953.962756498
428,,,,2367.0,6879.886716347605,6879.886716347605,41,3,66.524,144797.8660101734
429,,,,2384.0,6899.886716347605,6899.886716347605,42,3,66.216,282094.41652022453
430,,,,2382.0,6919.886716347605,6919.886716347605,43,3,65.912,277950.4807854921
431,,,,2378.0,6939.886716347605,6939.886716347605,44,3,65.569,312974.89315577334
432,,,,2393.0,6959.886716347605,6959.886716347605,45,3,65.199,336748.27246564126
433,,,,2387.0,6979.886716347605,6979.886716347605,46,3,64.815,348473.46875105985
434,,,,2351.0,6999.886716347605,6999.886716347605,47,3,64.441,338386.73167067225
435,,,,2300.0,7019.886716347605,7019.886716347605,48,3,64.033,367964.15380638634
436,,,,2267.0,7039.886716347605,7039.886716347605,49,3,63.68,317377.0234283317
437,,,,2206.0,7059.886716347605,7059.886716347605,50,3,63.281,357635.7806802899
438,,,,2147.0,7079.886716347605,7079.886716347605,51,3,62.848,386659.9207028075
439,,,,2077.0,7099.886716347605,7099.886716347605,52,3,62.448,355834.9624045945
440,,,,1992.0,7119.886716347605,7119.886716347605,53,3,62.117,293560.15600003157
441,,,,1929.0,7139.886716347605,7139.886716347605,54,3,61.755,320164.401132518
442,,,,1865.0,7159.886716347605,7159.886716347605,55,3,61.308,393859.3611213292
443,,,,1817.0,7179.886716347605,7179.886716347605,56,3,60.885,371111.392655472
444,,,,1764.0,7199.886716347605,7199.886716347605,57,3,60.556,287664.9146548705
445,,,,1762.0,7219.886716347605,7219.886716347605,58,3,60.239,276464.0104406834
446,,,,1769.0,7239.886716347605,7239.886716347605,59,3,59.954,248002.35566791781
447,,,,1768.0,7259.886716347605,7259.886716347605,60,3,59.699,221510.14244414293
448,,,,1776.0,7279.886716347605,7279.886716347605,61,3,59.628,61676.77999631258
449,,,,1782.0,7299.886716347605,7299.886716347605,62,3,59.261,318510.5770778828
450,,,,1750.0,7319.886716347605,7319.886716347605,63,3,58.995,230255.05925855966
451,,,,1706.0,7339.886716347605,7339.886716347605,64,3,58.704,251394.1220485697
452,,,,1679.0,7359.886716347605,7359.886716347605,65,3,58.345,309266.78951397724
453,,,,1668.0,7379.886716347605,7379.886716347605,66,3,58.031,269676.2927015241
454,,,,1694.0,7399.886716347605,7399.886716347605,67,3,57.937,80666.10589581254
455,,,,1703.0,7419.886716347605,7419.886716347605,68,3,57.671,228174.3380919332
456,,,,1734.0,7439.886716347605,7439.886716347605,69,3,57.607,54889.93669677568
457,,,,1760.0,7459.886716347605,7459.886716347605,70,3,57.493,97884.15755988107
459,,,,1761.0,7499.886716347605,7499.886716347605,72,3,57.272,190220.114279364
460,,,,1764.0,7519.886716347605,7519.886716347605,73,3,57.183,76601.28843664013
461,,,,1775.0,7539.886716347605,7539.886716347605,74,3,56.841,294026.99068712717
462,,,,1794.0,7559.886716347605,7559.886716347605,75,3,56.712,110739.76830288123
463,,,,1864.0,7579.886716347605,7579.886716347605,76,3,56.519,165647.6834863041
464,,,,1953.0,7599.886716347605,7599.886716347605,77,3,56.472,40359.783598438575
465,,,,2024.0,7619.886716347605,7619.886716347605,78,3,56.328,123771.34391097601
466,,,,2111.0,7639.886716347605,7639.886716347605,79,3,56.201,109183.01916259482
468,,,,2249.0,7679.886716347605,7679.886716347605,81,3,56.143,50041.77320915846
469,,,,2304.0,7699.886716347605,7699.886716347605,82,3,56.086,49256.58341847346
470,,,,2347.0,7719.886716347605,7719.886716347605,83,3,55.813,235830.3958026112
471,,,,2378.0,7739.886716347605,7739.886716347605,84,3,55.704,94081.05521721754
472,,,,2403.0,7759.886716347605,7759.886716347605,85,3,55.665,33704.22212480502
473,,,,2449.0,7779.886716347605,7779.886716347605,86,3,55.387,240184.21033542478
474,,,,2498.0,7799.886716347605,7799.886716347605,87,3,55.233,132874.8141586083
476,,,,2553.0,7839.886716347605,7839.886716347605,89,3,54.9,287522.2711625917
477,,,,2563.0,7859.886716347605,7859.886716347605,90,3,54.55,301092.6103864871
478,,,,2585.0,7879.886716347605,7879.886716347605,91,3,54.166,328961.18947370764
479,,,,2560.0,7899.886716347605,7899.886716347605,92,3,53.752,352951.54950708273
480,,,,2523.0,7919.886716347605,7919.886716347605,93,3,53.295,387444.6517894626
481,,,,2489.0,7939.886716347605,7939.886716347605,94,3,52.863,364125.23742270237
482,,,,2456.0,7959.886716347605,7959.886716347605,95,3,52.453,343704.40606173157
483,,,,2426.0,7979.886716347605,7979.886716347605,96,3,52.026,356002.95946931886
484,,,,2398.0,7999.886716347605,7999.886716347605,97,3,51.593,358931.13329930924
485,,,,2363.0,8019.886716347605,8019.886716347605,98,3,51.15,365026.3388576861
486,,,,2337.0,8039.886716347605,8039.886716347605,99,3,50.725,348101.9701718604
487,,,,2305.0,8059.886716347605,8059.886716347605,100,3,50.366,292506.7408871856
488,,,,2284.0,8079.886716347605,8079.886716347605,101,3,50.09,224021.7755937635
489,,,,2259.0,8099.886716347605,8099.886716347605,102,3,49.88,170046.59175698741
490,,,,2248.0,8119.886716347605,8119.886716347605,103,3,49.706,140701.1047049491
491,,,,2221.0,8139.886716347605,8139.886716347605,104,3,49.496,169573.53882737487
492,,,,2234.0,8159.886716347605,8159.886716347605,105,3,49.254,195000.89280392046
493,,,,2240.0,8179.886716347605,8179.886716347605,106,3,49.14,91753.10218678467
494,,,,2240.0,8199.886716347604,8199.886716347604,107,3,49.011,103822.69346141237
495,,,,2265.0,8219.886716347604,8219.886716347604,108,3,48.86,121477.76845516682
496,,,,2305.0,8239.886716347604,8239.886716347604,109,3,48.754,85258.80000453416
497,,,,2338.0,8259.886716347604,8259.886716347604,110,3,48.632,98136.4739865037
498,,,,2366.0,8279.886716347604,8279.886716347604,111,3,48.578,43463.94053558806
499,,,,2400.0,8299.886716347604,8299.886716347604,112,3,48.437,113535.10487989556
500,,,,2427.0,8319.886716347604,8319.886716347604,113,3,48.403,27393.726206776595
501,,,,2454.0,8339.886716347604,8339.886716347604,114,3,48.011,315200.08044501237
502,,,,2463.0,8359.886716347604,8359.886716347604,115,3,47.63,304627.7595919549
503,,,,2420.0,8379.886716347604,8379.886716347604,116,3,47.157,375705.9443922991
504,,,,2365.0,8399.886716347604,8399.886716347604,117,3,46.637,409686.6668300126
505,,,,2337.0,8419.886716347604,8419.886716347604,118,3,46.138,389796.34006446716
506,,,,2318.0,8439.886716347604,8439.886716347604,119,3,45.711,331008.33118918905
507,,,,2281.0,8459.886716347604,8459.886716347604,120,3,45.326,296512.6421935111
508,,,,2240.0,8479.886716347604,8479.886716347604,121,3,44.899,326696.7516255112
509,,,,2196.0,8499.886716347604,8499.886716347604,122,3,44.533,278219.24398680177
510,,,,2153.0,8519.886716347604,8519.886716347604,123,3,44.216,239693.66210195547
511,,,,2108.0,8539.886716347604,8539.886716347604,124,3,43.924,219790.03963223353
512,,,,2071.0,8559.886716347604,8559.886716347604,125,3,43.626,223326.5884408387
513,,,,2030.0,8579.886716347604,8579.886716347604,126,3,43.313,233475.07939578287
514,,,,1987.0,8599.886716347604,8599.886716347604,127,3,42.895,309896.43622992927
515,,,,1957.0,8619.886716347604,8619.886716347604,128,3,42.506,286361.161785032
516,,,,1947.0,8639.886716347604,8639.886716347604,129,3,42.196,226862.86224090485
517,,,,1912.0,8659.886716347604,8659.886716347604,130,3,41.875,233702.55289774758
518,,,,1899.0,8679.886716347604,8679.886716347604,131,3,41.442,313137.858629389
519,,,,1925.0,8699.886716347604,8699.886716347604,132,3,41.294,106529.48644983517
520,,,,1940.0,8719.886716347604,8719.886716347604,133,3,41.239,39582.312569817215
521,,,,1982.0,8739.886716347604,8739.886716347604,134,3,41.068,123009.50936957375
522,,,,2015.0,8759.886716347604,8759.886716347604,135,3,40.807,187193.30419914747
523,,,,2054.0,8779.886716347604,8779.886716347604,136,3,40.741,47254.82532835294
524,,,,2101.0,8799.886716347604,8799.886716347604,137,3,40.668,52296.46837145366
525,,,,2137.0,8819.886716347604,8819.886716347604,138,3,40.614,38712.49373222243
526,,,,2179.0,8839.886716347604,8839.886716347604,139,3,40.514,71716.23295238077
527,,,,2224.0,8859.886716347604,8859.886716347604,140,3,40.308,147511.1954228633
528,,,,2261.0,8879.886716347604,8879.886716347604,141,3,40.2,77209.40733404685
529,,,,2296.0,8899.886716347604,8899.886716347604,142,3,40.131,49330.63918695531
530,,,,2332.0,8919.886716347604,8919.886716347604,143,3,40.106,17892.62376148855
531,,,,2371.0,8939.886716347604,8939.886716347604,144,3,39.86,175862.19736522692
533,,,,2432.0,8979.886716347604,8979.886716347604,146,3,39.717,102186.71966743193
534,,,,2469.0,8999.886716347604,8999.886716347604,147,3,39.636,57847.60885878596
535,,,,2465.0,9019.886716347604,9019.886716347604,148,3,39.354,200919.6001862544
536,,,,2422.0,9039.886716347604,9039.886716347604,149,3,39.01,243690.17882811395
537,,,,2387.0,9059.886716347604,9059.886716347604,150,3,38.698,219656.01120962747
538,,,,2361.0,9079.886716347604,9079.886716347604,151,3,38.302,276863.9057548717
539,,,,2342.0,9099.886716347604,9099.886716347604,152,3,37.921,264269.4734336424
540,,,,2322.0,9119.886716347604,9119.886716347604,153,3,37.563,246449.17934504608
541,,,,2299.0,9139.886716347604,9139.886716347604,154,3,37.171,267759.63519293466
542,,,,2267.0,9159.886716347604,9159.886716347604,155,3,36.822,236540.85673314292
543,,,,2255.0,9179.886716347604,9179.886716347604,156,3,36.455,246871.56312136885
544,,,,2234.0,9199.886716347604,9199.886716347604,157,3,36.059,264179.75179829565
545,,,,2191.0,9219.886716347604,9219.886716347604,158,3,35.682,249364.34762989197
546,,,,2169.0,9239.886716347604,9239.886716347604,159,3,35.354,215287.5864326516
547,,,,2129.0,9259.886716347604,9259.886716347604,160,3,35.015,220895.4402681624
548,,,,2078.0,9279.886716347604,9279.886716347604,161,3,34.677,218596.0463820663
549,,,,1996.0,9299.886716347604,9299.886716347604,162,3,34.35,209915.45268076847
550,,,,1953.0,9319.886716347604,9319.886716347604,163,3,33.997,224856.162982981
551,,,,1939.0,9339.886716347604,9339.886716347604,164,3,33.706,184010.4599538506
552,,,,1960.0,9359.886716347604,9359.886716347604,165,3,33.587,74952.7279595782
553,,,,1978.0,9379.886716347604,9379.886716347604,166,3,33.544,27076.290531674644
554,,,,2008.0,9399.886716347604,9399.886716347604,167,3,33.338,129508.74401272612
555,,,,2061.0,9419.886716347604,9419.886716347604,168,3,33.282,35142.95977041515
556,,,,2109.0,9439.886716347604,9439.886716347604,169,3,33.157,78397.0791934273
557,,,,2144.0,9459.886716347604,9459.886716347604,170,3,33.047,68891.05741859808
558,,,,2154.0,9479.886716347604,9479.886716347604,171,3,33.003,27550.446775047483
559,,,,2203.0,9499.886716347604,9499.886716347604,172,3,32.858,90722.44565868055
560,,,,2245.0,9519.886716347604,9519.886716347604,173,3,32.661,122875.49118036787
561,,,,2274.0,9539.886716347604,9539.886716347604,174,3,32.573,54764.59736477193
563,,,,2303.0,9579.886716347604,9579.886716347604,176,3,32.488,52978.54582044531
564,,,,2337.0,9599.886716347604,9599.886716347604,177,3,32.472,9977.738257501947
565,,,,2358.0,9619.886716347604,9619.886716347604,178,3,32.141,205739.58407351663
566,,,,2378.0,9639.886716347604,9639.886716347604,179,3,31.721,258561.42710134294
567,,,,2377.0,9659.886716347604,9659.886716347604,180,3,31.282,267176.2089848312
568,,,,2378.0,9679.886716347604,9679.886716347604,181,3,30.826,274146.47230558586
569,,,,2352.0,9699.886716347604,9699.886716347604,182,3,30.386,261249.76489967137
570,,,,2304.0,9719.886716347604,9719.886716347604,183,3,29.87,302211.65089380345
571,,,,2263.0,9739.886716347604,9739.886716347604,184,3,29.353,298218.6857881651
572,,,,2237.0,9759.886716347604,9759.886716347604,185,3,28.886,265445.6218350642
573,,,,2248.0,9779.886716347604,9779.886716347604,186,3,28.487,223879.47479022792
574,,,,2257.0,9799.886716347604,9799.886716347604,187,3,28.163,179873.00072387265
576,,,,2293.0,9839.886716347604,9839.886716347604,189,3,27.806,196610.1172069311
577,,,,2277.0,9859.886716347604,9859.886716347604,190,3,27.395,223697.27432456255
578,,,,2259.0,9879.886716347604,9879.886716347604,191,3,26.973,226677.16537963145
579,,,,2234.0,9899.886716347604,9899.886716347604,192,3,26.553,222558.5612792722
580,,,,2201.0,9919.886716347604,9919.886716347604,193,3,26.115,228837.73998655012
581,,,,2175.0,9939.886716347604,9939.886716347604,194,3,25.689,219358.42975926312
582,,,,2161.0,9959.886716347604,9959.886716347604,195,3,25.229,233283.2554385746
583,,,,2130.0,9979.886716347604,9979.886716347604,196,3,24.781,223594.17233867577
584,,,,2091.0,9999.886716347604,9999.886716347604,197,3,24.327,222947.79433734334
585,,,,2061.0,10019.886716347604,10019.886716347604,198,3,23.926,193879.32708329393
586,,,,2032.0,10039.886716347604,10039.886716347604,199,3,23.525,191037.46849554137
587,,,,2032.0,10059.886716347604,10059.886716347604,200,3,23.178,163029.93059181195
588,,,,2033.0,10079.886716347604,10079.886716347604,201,3,22.81,170587.80955459384
589,,,,2010.0,10099.886716347604,10099.886716347604,202,3,22.477,152312.0587178362
590,,,,1984.0,10119.886716347604,10119.886716347604,203,3,22.104,168280.6917986572
591,,,,1970.0,10139.886716347604,10139.886716347604,204,3,21.77,148589.04819087347
592,,,,1956.0,10159.886716347604,10159.886716347604,205,3,21.385,168803.21582893177
593,,,,1917.0,10179.886716347604,10179.886716347604,206,3,20.959,183630.33444785263
594,,,,1890.0,10199.886716347604,10199.886716347604,207,3,20.498,194936.9403594254
595,,,,1879.0,10219.886716347604,10219.886716347604,208,3,20.207,121056.14223757856
596,,,,1810.0,10240.886716347604,10240.886716347604,209,3,19.923,116714.56663527736
597,,,,1772.0,10260.886716347604,10260.886716347604,210,3,19.549,151476.62745490906
598,,,,1765.0,10280.886716347604,10280.886716347604,211,3,19.179,147318.5268777631
599,,,,1739.0,10300.886716347604,10300.886716347604,212,3,18.838,133538.60431072596
600,,,,1715.0,10320.886716347604,10320.886716347604,213,3,18.491,133688.12794138578
601,,,,1684.0,10340.886716347604,10340.886716347604,214,3,18.121,140082.20144980022
602,,,,1695.0,10360.886716347604,10360.886716347604,215,3,17.984,51248.93464043989
603,,,,1710.0,10380.886716347604,10380.886716347604,216,3,17.893,33891.591617739075
604,,,,1720.0,10400.886716347604,10400.886716347604,217,3,17.688,75865.15980214532
606,,,,1691.0,10440.886716347604,10440.886716347604,219,3,17.511,65049.05256058317
607,,,,1689.0,10460.886716347604,10460.886716347604,220,3,17.416,34709.9020824775
608,,,,1680.0,10480.886716347604,10480.886716347604,221,3,17.173,88093.18392351535
609,,,,1624.0,10500.886716347604,10500.886716347604,222,3,16.783,139061.56264271564
610,,,,1603.0,10520.886716347604,10520.886716347604,223,3,16.392,136470.89297459985
611,,,,1598.0,10540.886716347604,10540.886716347604,224,3,16.295,33421.34651743288
612,,,,1597.0,10560.886716347604,10560.886716347604,225,3,16.078,74189.60609002644
613,,,,1600.0,10580.886716347604,10580.886716347604,226,3,16.076,680.4356629545047
614,,,,1612.0,10600.886716347604,10600.886716347604,227,3,15.885,64713.65360516673
615,,,,1618.0,10620.886716347604,10620.886716347604,228,3,15.737,49706.3446021628
616,,,,1621.0,10640.886716347604,10640.886716347604,229,3,15.598,46347.07375068834
617,,,,1610.0,10660.886716347604,10660.886716347604,230,3,15.581,5650.728377793444
618,,,,1605.0,10680.886716347604,10680.886716347604,231,3,15.472,36152.41969709889
619,,,,1595.0,10700.886716347604,10700.886716347604,232,3,15.201,88949.86882589333
620,,,,1571.0,10720.886716347604,10720.886716347604,233,3,15.108,30219.36006017749
621,,,,1583.0,10740.886716347604,10740.886716347604,234,3,14.882,72798.9375328581
623,,,,1577.0,10780.886716347604,10780.886716347604,236,3,14.651,73548.53522798943
625,,,,1579.0,10820.886716347604,10820.886716347604,238,3,14.425,71105.9510891819
626,,,,1554.0,10840.886716347604,10840.886716347604,239,3,14.103,99584.55883055685
627,,,,1518.0,10860.886716347604,10860.886716347604,240,3,13.793,93922.3417101623
628,,,,1490.0,10880.886716347604,10880.886716347604,241,3,13.74,15877.92305994324
630,,,,1533.0,10920.886716347604,10920.886716347604,243,3,13.652,26324.753746209324
631,,,,1549.0,10940.886716347604,10940.886716347604,244,3,13.53,36282.212292298755
632,,,,1575.0,10960.886716347604,10960.886716347604,245,3,13.495,10367.628722825331
633,,,,1606.0,10980.886716347604,10980.886716347604,246,3,13.425,20692.382928284984
634,,,,1629.0,11001.886716347604,11001.886716347604,247,3,13.205,64455.65351639426
635,,,,1671.0,11021.886716347604,11021.886716347604,248,3,13.138,19453.42063850596
636,,,,1695.0,11041.886716347604,11041.886716347604,249,3,12.877,74973.47224362912
637,,,,1715.0,11061.886716347604,11061.886716347604,250,3,12.48,111357.01580217127
638,,,,1709.0,11081.886716347604,11081.886716347604,251,3,12.033,121427.67921778974
639,,,,1690.0,11101.886716347604,11101.886716347604,252,3,11.601,113349.01996259645
640,,,,1612.0,11121.886716347604,11121.886716347604,253,3,11.161,111388.80959250216
641,,,,1564.0,11141.886716347604,11141.886716347604,254,3,10.67,119430.11769215093
642,,,,1512.0,11161.886716347604,11161.886716347604,255,3,10.194,110851.64371814097
643,,,,1484.0,11181.886716347604,11181.886716347604,256,3,9.747,99671.16734577756
644,,,,1425.0,11201.886716347604,11201.886716347604,257,3,9.347,85555.52998477654
645,,,,1365.0,11221.886716347604,11221.886716347604,258,3,8.918,87931.16941498422
646,,,,1346.0,11241.886716347604,11241.886716347604,259,3,8.516,78788.4033111471
647,,,,1315.0,11261.886716347604,11261.886716347604,260,3,8.046,87664.10286419015
648,,,,1260.0,11281.886716347604,11281.886716347604,261,3,7.6,78726.31420553263
649,,,,1243.0,11301.886716347604,11301.886716347604,262,3,7.129,78405.2455286345
650,,,,1199.0,11321.886716347604,11321.886716347604,263,3,6.683,69744.54309948208
651,,,,1217.0,11341.886716347604,11341.886716347604,264,3,6.25,63514.44085079268
652,,,,1233.0,11361.886716347604,11361.886716347604,265,3,5.807,60686.688785578306
653,,,,1246.0,11381.886716347604,11381.886716347604,266,3,5.33,60464.55451570252
654,,,,1231.0,11401.886716347604,11401.886716347604,267,3,4.844,56377.35858973055
655,,,,1235.0,11421.886716347604,11421.886716347604,268,3,4.379,48984.98845096647
656,,,,1197.0,11441.886716347604,11441.886716347604,269,3,3.794,54706.0059776347
657,,,,1141.0,11461.886716347604,11461.886716347604,270,3,3.312,39258.016497068464
658,,,,1082.0,11481.886716347604,11481.886716347604,271,3,2.82,34640.2092375646
659,,,,1014.0,11501.886716347604,11501.886716347604,272,3,2.352,27840.27078937251
660,,,,955.0,11521.886716347604,11521.886716347604,273,3,1.774,27477.718053973815
661,,,,892.0,11541.886716347604,11541.886716347604,274,3,1.266,17824.366493789934
662,,,,837.0,11561.886716347604,11561.886716347604,275,3,0.776,11568.592610643085
663,,,,777.0,11581.886716347604,11581.886716347604,276,3,0.321,5780.925026164162
0,,,,732.84,11598.549804992565,11598.549804992565,663,4,0.0,1195.126170456239
